5, 5.00025, 5.0005, 5.00075, 5.001, 5.00125, 5.0015, 5.00175, 5.002, 5.00225, 5.0025, 5.00275, 5.003, 5.00325, 5.0035, 5.00375, 
5.004, 5.00425, 5.0045, 5.00475, 5.005, 5.00525, 5.0055, 5.00575, 5.006, 5.00625, 5.0065, 5.00675, 5.007, 5.00725, 5.0075, 5.00775, 
5.008, 5.00825, 5.0085, 5.00875, 5.009, 5.00925, 5.0095, 5.00975, 5.01, 5.01025, 5.0105, 5.01075, 5.011, 5.01125, 5.0115, 5.01175, 
5.012, 5.01225, 5.0125, 5.01275, 5.013, 5.01325, 5.0135, 5.01375, 5.014, 5.01425, 5.0145, 5.01475, 5.015, 5.01525, 5.0155, 5.01575, 
5.016, 5.01625, 5.0165, 5.01675, 5.017, 5.01725, 5.0175, 5.01775, 5.018, 5.01825, 5.0185, 5.01875, 5.019, 5.01925, 5.0195, 5.01975, 
5.02, 5.02025, 5.0205, 5.02075, 5.021, 5.02125, 5.0215, 5.02175, 5.022, 5.02225, 5.0225, 5.02275, 5.023, 5.02325, 5.0235, 5.02375, 
5.024, 5.02425, 5.0245, 5.02475, 5.025, 5.02525, 5.0255, 5.02575, 5.026, 5.02625, 5.0265, 5.02675, 5.027, 5.02725, 5.0275, 5.02775, 
5.028, 5.02825, 5.0285, 5.02875, 5.029, 5.02925, 5.0295, 5.02975, 5.03, 5.03025, 5.0305, 5.03075, 5.031, 5.03125, 5.0315, 5.03175, 
5.032, 5.03225, 5.0325, 5.03275, 5.033, 5.03325, 5.0335, 5.03375, 5.034, 5.03425, 5.0345, 5.03475, 5.035, 5.03525, 5.0355, 5.03575, 
5.036, 5.03625, 5.0365, 5.03675, 5.037, 5.03725, 5.0375, 5.03775, 5.038, 5.03825, 5.0385, 5.03875, 5.039, 5.03925, 5.0395, 5.03975, 
5.04, 5.04025, 5.0405, 5.04075, 5.041, 5.04125, 5.0415, 5.04175, 5.042, 5.04225, 5.0425, 5.04275, 5.043, 5.04325, 5.0435, 5.04375, 
5.044, 5.04425, 5.0445, 5.04475, 5.045, 5.04525, 5.0455, 5.04575, 5.046, 5.04625, 5.0465, 5.04675, 5.047, 5.04725, 5.0475, 5.04775, 
5.048, 5.04825, 5.0485, 5.04875, 5.049, 5.04925, 5.0495, 5.04975, 5.05, 5.05025, 5.0505, 5.05075, 5.051, 5.05125, 5.0515, 5.05175, 
5.052, 5.05225, 5.0525, 5.05275, 5.053, 5.05325, 5.0535, 5.05375, 5.054, 5.05425, 5.0545, 5.05475, 5.055, 5.05525, 5.0555, 5.05575, 
5.056, 5.05625, 5.0565, 5.05675, 5.057, 5.05725, 5.0575, 5.05775, 5.058, 5.05825, 5.0585, 5.05875, 5.059, 5.05925, 5.0595, 5.05975, 
5.06, 5.06025, 5.0605, 5.06075, 5.061, 5.06125, 5.0615, 5.06175, 5.062, 5.06225, 5.0625, 5.06275, 5.063, 5.06325, 5.0635, 5.06375, 
5.064, 5.06425, 5.0645, 5.06475, 5.065, 5.06525, 5.0655, 5.06575, 5.066, 5.06625, 5.0665, 5.06675, 5.067, 5.06725, 5.0675, 5.06775, 
5.068, 5.06825, 5.0685, 5.06875, 5.069, 5.06925, 5.0695, 5.06975, 5.07, 5.07025, 5.0705, 5.07075, 5.071, 5.07125, 5.0715, 5.07175, 
5.072, 5.07225, 5.0725, 5.07275, 5.073, 5.07325, 5.0735, 5.07375, 5.074, 5.07425, 5.0745, 5.07475, 5.075, 5.07525, 5.0755, 5.07575, 
5.076, 5.07625, 5.0765, 5.07675, 5.077, 5.07725, 5.0775, 5.07775, 5.078, 5.07825, 5.0785, 5.07875, 5.079, 5.07925, 5.0795, 5.07975, 
5.08, 5.08025, 5.0805, 5.08075, 5.081, 5.08125, 5.0815, 5.08175, 5.082, 5.08225, 5.0825, 5.08275, 5.083, 5.08325, 5.0835, 5.08375, 
5.084, 5.08425, 5.0845, 5.08475, 5.085, 5.08525, 5.0855, 5.08575, 5.086, 5.08625, 5.0865, 5.08675, 5.087, 5.08725, 5.0875, 5.08775, 
5.088, 5.08825, 5.0885, 5.08875, 5.089, 5.08925, 5.0895, 5.08975, 5.09, 5.09025, 5.0905, 5.09075, 5.091, 5.09125, 5.0915, 5.09175, 
5.092, 5.09225, 5.0925, 5.09275, 5.093, 5.09325, 5.0935, 5.09375, 5.094, 5.09425, 5.0945, 5.09475, 5.095, 5.09525, 5.0955, 5.09575, 
5.096, 5.09625, 5.0965, 5.09675, 5.097, 5.09725, 5.0975, 5.09775, 5.098, 5.09825, 5.0985, 5.09875, 5.099, 5.09925, 5.0995, 5.09975, 
5.1, 5.10025, 5.1005, 5.10075, 5.101, 5.10125, 5.1015, 5.10175, 5.102, 5.10225, 5.1025, 5.10275, 5.103, 5.10325, 5.1035, 5.10375, 
5.104, 5.10425, 5.1045, 5.10475, 5.105, 5.10525, 5.1055, 5.10575, 5.106, 5.10625, 5.1065, 5.10675, 5.107, 5.10725, 5.1075, 5.10775, 
5.108, 5.10825, 5.1085, 5.10875, 5.109, 5.10925, 5.1095, 5.10975, 5.11, 5.11025, 5.1105, 5.11075, 5.111, 5.11125, 5.1115, 5.11175, 
5.112, 5.11225, 5.1125, 5.11275, 5.113, 5.11325, 5.1135, 5.11375, 5.114, 5.11425, 5.1145, 5.11475, 5.115, 5.11525, 5.1155, 5.11575, 
5.116, 5.11625, 5.1165, 5.11675, 5.117, 5.11725, 5.1175, 5.11775, 5.118, 5.11825, 5.1185, 5.11875, 5.119, 5.11925, 5.1195, 5.11975, 
5.12, 5.12025, 5.1205, 5.12075, 5.121, 5.12125, 5.1215, 5.12175, 5.122, 5.12225, 5.1225, 5.12275, 5.123, 5.12325, 5.1235, 5.12375, 
5.124, 5.12425, 5.1245, 5.12475, 5.125, 5.12525, 5.1255, 5.12575, 5.126, 5.12625, 5.1265, 5.12675, 5.127, 5.12725, 5.1275, 5.12775, 
5.128, 5.12825, 5.1285, 5.12875, 5.129, 5.12925, 5.1295, 5.12975, 5.13, 5.13025, 5.1305, 5.13075, 5.131, 5.13125, 5.1315, 5.13175, 
5.132, 5.13225, 5.1325, 5.13275, 5.133, 5.13325, 5.1335, 5.13375, 5.134, 5.13425, 5.1345, 5.13475, 5.135, 5.13525, 5.1355, 5.13575, 
5.136, 5.13625, 5.1365, 5.13675, 5.137, 5.13725, 5.1375, 5.13775, 5.138, 5.13825, 5.1385, 5.13875, 5.139, 5.13925, 5.1395, 5.13975, 
5.14, 5.14025, 5.1405, 5.14075, 5.141, 5.14125, 5.1415, 5.14175, 5.142, 5.14225, 5.1425, 5.14275, 5.143, 5.14325, 5.1435, 5.14375, 
5.144, 5.14425, 5.1445, 5.14475, 5.145, 5.14525, 5.1455, 5.14575, 5.146, 5.14625, 5.1465, 5.14675, 5.147, 5.14725, 5.1475, 5.14775, 
5.148, 5.14825, 5.1485, 5.14875, 5.149, 5.14925, 5.1495, 5.14975, 5.15, 5.15025, 5.1505, 5.15075, 5.151, 5.15125, 5.1515, 5.15175, 
5.152, 5.15225, 5.1525, 5.15275, 5.153, 5.15325, 5.1535, 5.15375, 5.154, 5.15425, 5.1545, 5.15475, 5.155, 5.15525, 5.1555, 5.15575, 
5.156, 5.15625, 5.1565, 5.15675, 5.157, 5.15725, 5.1575, 5.15775, 5.158, 5.15825, 5.1585, 5.15875, 5.159, 5.15925, 5.1595, 5.15975, 
5.16, 5.16025, 5.1605, 5.16075, 5.161, 5.16125, 5.1615, 5.16175, 5.162, 5.16225, 5.1625, 5.16275, 5.163, 5.16325, 5.1635, 5.16375, 
5.164, 5.16425, 5.1645, 5.16475, 5.165, 5.16525, 5.1655, 5.16575, 5.166, 5.16625, 5.1665, 5.16675, 5.167, 5.16725, 5.1675, 5.16775, 
5.168, 5.16825, 5.1685, 5.16875, 5.169, 5.16925, 5.1695, 5.16975, 5.17, 5.17025, 5.1705, 5.17075, 5.171, 5.17125, 5.1715, 5.17175, 
5.172, 5.17225, 5.1725, 5.17275, 5.173, 5.17325, 5.1735, 5.17375, 5.174, 5.17425, 5.1745, 5.17475, 5.175, 5.17525, 5.1755, 5.17575, 
5.176, 5.17625, 5.1765, 5.17675, 5.177, 5.17725, 5.1775, 5.17775, 5.178, 5.17825, 5.1785, 5.17875, 5.179, 5.17925, 5.1795, 5.17975, 
5.18, 5.18025, 5.1805, 5.18075, 5.181, 5.18125, 5.1815, 5.18175, 5.182, 5.18225, 5.1825, 5.18275, 5.183, 5.18325, 5.1835, 5.18375, 
5.184, 5.18425, 5.1845, 5.18475, 5.185, 5.18525, 5.1855, 5.18575, 5.186, 5.18625, 5.1865, 5.18675, 5.187, 5.18725, 5.1875, 5.18775, 
5.188, 5.18825, 5.1885, 5.18875, 5.189, 5.18925, 5.1895, 5.18975, 5.19, 5.19025, 5.1905, 5.19075, 5.191, 5.19125, 5.1915, 5.19175, 
5.192, 5.19225, 5.1925, 5.19275, 5.193, 5.19325, 5.1935, 5.19375, 5.194, 5.19425, 5.1945, 5.19475, 5.195, 5.19525, 5.1955, 5.19575, 
5.196, 5.19625, 5.1965, 5.19675, 5.197, 5.19725, 5.1975, 5.19775, 5.198, 5.19825, 5.1985, 5.19875, 5.199, 5.19925, 5.1995, 5.19975, 
5.2, 5.20025, 5.2005, 5.20075, 5.201, 5.20125, 5.2015, 5.20175, 5.202, 5.20225, 5.2025, 5.20275, 5.203, 5.20325, 5.2035, 5.20375, 
5.204, 5.20425, 5.2045, 5.20475, 5.205, 5.20525, 5.2055, 5.20575, 5.206, 5.20625, 5.2065, 5.20675, 5.207, 5.20725, 5.2075, 5.20775, 
5.208, 5.20825, 5.2085, 5.20875, 5.209, 5.20925, 5.2095, 5.20975, 5.21, 5.21025, 5.2105, 5.21075, 5.211, 5.21125, 5.2115, 5.21175, 
5.212, 5.21225, 5.2125, 5.21275, 5.213, 5.21325, 5.2135, 5.21375, 5.214, 5.21425, 5.2145, 5.21475, 5.215, 5.21525, 5.2155, 5.21575, 
5.216, 5.21625, 5.2165, 5.21675, 5.217, 5.21725, 5.2175, 5.21775, 5.218, 5.21825, 5.2185, 5.21875, 5.219, 5.21925, 5.2195, 5.21975, 
5.22, 5.22025, 5.2205, 5.22075, 5.221, 5.22125, 5.2215, 5.22175, 5.222, 5.22225, 5.2225, 5.22275, 5.223, 5.22325, 5.2235, 5.22375, 
5.224, 5.22425, 5.2245, 5.22475, 5.225, 5.22525, 5.2255, 5.22575, 5.226, 5.22625, 5.2265, 5.22675, 5.227, 5.22725, 5.2275, 5.22775, 
5.228, 5.22825, 5.2285, 5.22875, 5.229, 5.22925, 5.2295, 5.22975, 5.23, 5.23025, 5.2305, 5.23075, 5.231, 5.23125, 5.2315, 5.23175, 
5.232, 5.23225, 5.2325, 5.23275, 5.233, 5.23325, 5.2335, 5.23375, 5.234, 5.23425, 5.2345, 5.23475, 5.235, 5.23525, 5.2355, 5.23575, 
5.236, 5.23625, 5.2365, 5.23675, 5.237, 5.23725, 5.2375, 5.23775, 5.238, 5.23825, 5.2385, 5.23875, 5.239, 5.23925, 5.2395, 5.23975, 
5.24, 5.24025, 5.2405, 5.24075, 5.241, 5.24125, 5.2415, 5.24175, 5.242, 5.24225, 5.2425, 5.24275, 5.243, 5.24325, 5.2435, 5.24375, 
5.244, 5.24425, 5.2445, 5.24475, 5.245, 5.24525, 5.2455, 5.24575, 5.246, 5.24625, 5.2465, 5.24675, 5.247, 5.24725, 5.2475, 5.24775, 
5.248, 5.24825, 5.2485, 5.24875, 5.249, 5.24925, 5.2495, 5.24975, 5.25, 5.25025, 5.2505, 5.25075, 5.251, 5.25125, 5.2515, 5.25175, 
5.252, 5.25225, 5.2525, 5.25275, 5.253, 5.25325, 5.2535, 5.25375, 5.254, 5.25425, 5.2545, 5.25475, 5.255, 5.25525, 5.2555, 5.25575, 
5.256, 5.25625, 5.2565, 5.25675, 5.257, 5.25725, 5.2575, 5.25775, 5.258, 5.25825, 5.2585, 5.25875, 5.259, 5.25925, 5.2595, 5.25975, 
5.26, 5.26025, 5.2605, 5.26075, 5.261, 5.26125, 5.2615, 5.26175, 5.262, 5.26225, 5.2625, 5.26275, 5.263, 5.26325, 5.2635, 5.26375, 
5.264, 5.26425, 5.2645, 5.26475, 5.265, 5.26525, 5.2655, 5.26575, 5.266, 5.26625, 5.2665, 5.26675, 5.267, 5.26725, 5.2675, 5.26775, 
5.268, 5.26825, 5.2685, 5.26875, 5.269, 5.26925, 5.2695, 5.26975, 5.27, 5.27025, 5.2705, 5.27075, 5.271, 5.27125, 5.2715, 5.27175, 
5.272, 5.27225, 5.2725, 5.27275, 5.273, 5.27325, 5.2735, 5.27375, 5.274, 5.27425, 5.2745, 5.27475, 5.275, 5.27525, 5.2755, 5.27575, 
5.276, 5.27625, 5.2765, 5.27675, 5.277, 5.27725, 5.2775, 5.27775, 5.278, 5.27825, 5.2785, 5.27875, 5.279, 5.27925, 5.2795, 5.27975, 
5.28, 5.28025, 5.2805, 5.28075, 5.281, 5.28125, 5.2815, 5.28175, 5.282, 5.28225, 5.2825, 5.28275, 5.283, 5.28325, 5.2835, 5.28375, 
5.284, 5.28425, 5.2845, 5.28475, 5.285, 5.28525, 5.2855, 5.28575, 5.286, 5.28625, 5.2865, 5.28675, 5.287, 5.28725, 5.2875, 5.28775, 
5.288, 5.28825, 5.2885, 5.28875, 5.289, 5.28925, 5.2895, 5.28975, 5.29, 5.29025, 5.2905, 5.29075, 5.291, 5.29125, 5.2915, 5.29175, 
5.292, 5.29225, 5.2925, 5.29275, 5.293, 5.29325, 5.2935, 5.29375, 5.294, 5.29425, 5.2945, 5.29475, 5.295, 5.29525, 5.2955, 5.29575, 
5.296, 5.29625, 5.2965, 5.29675, 5.297, 5.29725, 5.2975, 5.29775, 5.298, 5.29825, 5.2985, 5.29875, 5.299, 5.29925, 5.2995, 5.29975, 
5.3, 5.30025, 5.3005, 5.30075, 5.301, 5.30125, 5.3015, 5.30175, 5.302, 5.30225, 5.3025, 5.30275, 5.303, 5.30325, 5.3035, 5.30375, 
5.304, 5.30425, 5.3045, 5.30475, 5.305, 5.30525, 5.3055, 5.30575, 5.306, 5.30625, 5.3065, 5.30675, 5.307, 5.30725, 5.3075, 5.30775, 
5.308, 5.30825, 5.3085, 5.30875, 5.309, 5.30925, 5.3095, 5.30975, 5.31, 5.31025, 5.3105, 5.31075, 5.311, 5.31125, 5.3115, 5.31175, 
5.312, 5.31225, 5.3125, 5.31275, 5.313, 5.31325, 5.3135, 5.31375, 5.314, 5.31425, 5.3145, 5.31475, 5.315, 5.31525, 5.3155, 5.31575, 
5.316, 5.31625, 5.3165, 5.31675, 5.317, 5.31725, 5.3175, 5.31775, 5.318, 5.31825, 5.3185, 5.31875, 5.319, 5.31925, 5.3195, 5.31975, 
5.32, 5.32025, 5.3205, 5.32075, 5.321, 5.32125, 5.3215, 5.32175, 5.322, 5.32225, 5.3225, 5.32275, 5.323, 5.32325, 5.3235, 5.32375, 
5.324, 5.32425, 5.3245, 5.32475, 5.325, 5.32525, 5.3255, 5.32575, 5.326, 5.32625, 5.3265, 5.32675, 5.327, 5.32725, 5.3275, 5.32775, 
5.328, 5.32825, 5.3285, 5.32875, 5.329, 5.32925, 5.3295, 5.32975, 5.33, 5.33025, 5.3305, 5.33075, 5.331, 5.33125, 5.3315, 5.33175, 
5.332, 5.33225, 5.3325, 5.33275, 5.333, 5.33325, 5.3335, 5.33375, 5.334, 5.33425, 5.3345, 5.33475, 5.335, 5.33525, 5.3355, 5.33575, 
5.336, 5.33625, 5.3365, 5.33675, 5.337, 5.33725, 5.3375, 5.33775, 5.338, 5.33825, 5.3385, 5.33875, 5.339, 5.33925, 5.3395, 5.33975, 
5.34, 5.34025, 5.3405, 5.34075, 5.341, 5.34125, 5.3415, 5.34175, 5.342, 5.34225, 5.3425, 5.34275, 5.343, 5.34325, 5.3435, 5.34375, 
5.344, 5.34425, 5.3445, 5.34475, 5.345, 5.34525, 5.3455, 5.34575, 5.346, 5.34625, 5.3465, 5.34675, 5.347, 5.34725, 5.3475, 5.34775, 
5.348, 5.34825, 5.3485, 5.34875, 5.349, 5.34925, 5.3495, 5.34975, 5.35, 5.35025, 5.3505, 5.35075, 5.351, 5.35125, 5.3515, 5.35175, 
5.352, 5.35225, 5.3525, 5.35275, 5.353, 5.35325, 5.3535, 5.35375, 5.354, 5.35425, 5.3545, 5.35475, 5.355, 5.35525, 5.3555, 5.35575, 
5.356, 5.35625, 5.3565, 5.35675, 5.357, 5.35725, 5.3575, 5.35775, 5.358, 5.35825, 5.3585, 5.35875, 5.359, 5.35925, 5.3595, 5.35975, 
5.36, 5.36025, 5.3605, 5.36075, 5.361, 5.36125, 5.3615, 5.36175, 5.362, 5.36225, 5.3625, 5.36275, 5.363, 5.36325, 5.3635, 5.36375, 
5.364, 5.36425, 5.3645, 5.36475, 5.365, 5.36525, 5.3655, 5.36575, 5.366, 5.36625, 5.3665, 5.36675, 5.367, 5.36725, 5.3675, 5.36775, 
5.368, 5.36825, 5.3685, 5.36875, 5.369, 5.36925, 5.3695, 5.36975, 5.37, 5.37025, 5.3705, 5.37075, 5.371, 5.37125, 5.3715, 5.37175, 
5.372, 5.37225, 5.3725, 5.37275, 5.373, 5.37325, 5.3735, 5.37375, 5.374, 5.37425, 5.3745, 5.37475, 5.375, 5.37525, 5.3755, 5.37575, 
5.376, 5.37625, 5.3765, 5.37675, 5.377, 5.37725, 5.3775, 5.37775, 5.378, 5.37825, 5.3785, 5.37875, 5.379, 5.37925, 5.3795, 5.37975, 
5.38, 5.38025, 5.3805, 5.38075, 5.381, 5.38125, 5.3815, 5.38175, 5.382, 5.38225, 5.3825, 5.38275, 5.383, 5.38325, 5.3835, 5.38375, 
5.384, 5.38425, 5.3845, 5.38475, 5.385, 5.38525, 5.3855, 5.38575, 5.386, 5.38625, 5.3865, 5.38675, 5.387, 5.38725, 5.3875, 5.38775, 
5.388, 5.38825, 5.3885, 5.38875, 5.389, 5.38925, 5.3895, 5.38975, 5.39, 5.39025, 5.3905, 5.39075, 5.391, 5.39125, 5.3915, 5.39175, 
5.392, 5.39225, 5.3925, 5.39275, 5.393, 5.39325, 5.3935, 5.39375, 5.394, 5.39425, 5.3945, 5.39475, 5.395, 5.39525, 5.3955, 5.39575, 
5.396, 5.39625, 5.3965, 5.39675, 5.397, 5.39725, 5.3975, 5.39775, 5.398, 5.39825, 5.3985, 5.39875, 5.399, 5.39925, 5.3995, 5.39975, 
5.4, 5.40025, 5.4005, 5.40075, 5.401, 5.40125, 5.4015, 5.40175, 5.402, 5.40225, 5.4025, 5.40275, 5.403, 5.40325, 5.4035, 5.40375, 
5.404, 5.40425, 5.4045, 5.40475, 5.405, 5.40525, 5.4055, 5.40575, 5.406, 5.40625, 5.4065, 5.40675, 5.407, 5.40725, 5.4075, 5.40775, 
5.408, 5.40825, 5.4085, 5.40875, 5.409, 5.40925, 5.4095, 5.40975, 5.41, 5.41025, 5.4105, 5.41075, 5.411, 5.41125, 5.4115, 5.41175, 
5.412, 5.41225, 5.4125, 5.41275, 5.413, 5.41325, 5.4135, 5.41375, 5.414, 5.41425, 5.4145, 5.41475, 5.415, 5.41525, 5.4155, 5.41575, 
5.416, 5.41625, 5.4165, 5.41675, 5.417, 5.41725, 5.4175, 5.41775, 5.418, 5.41825, 5.4185, 5.41875, 5.419, 5.41925, 5.4195, 5.41975, 
5.42, 5.42025, 5.4205, 5.42075, 5.421, 5.42125, 5.4215, 5.42175, 5.422, 5.42225, 5.4225, 5.42275, 5.423, 5.42325, 5.4235, 5.42375, 
5.424, 5.42425, 5.4245, 5.42475, 5.425, 5.42525, 5.4255, 5.42575, 5.426, 5.42625, 5.4265, 5.42675, 5.427, 5.42725, 5.4275, 5.42775, 
5.428, 5.42825, 5.4285, 5.42875, 5.429, 5.42925, 5.4295, 5.42975, 5.43, 5.43025, 5.4305, 5.43075, 5.431, 5.43125, 5.4315, 5.43175, 
5.432, 5.43225, 5.4325, 5.43275, 5.433, 5.43325, 5.4335, 5.43375, 5.434, 5.43425, 5.4345, 5.43475, 5.435, 5.43525, 5.4355, 5.43575, 
5.436, 5.43625, 5.4365, 5.43675, 5.437, 5.43725, 5.4375, 5.43775, 5.438, 5.43825, 5.4385, 5.43875, 5.439, 5.43925, 5.4395, 5.43975, 
5.44, 5.44025, 5.4405, 5.44075, 5.441, 5.44125, 5.4415, 5.44175, 5.442, 5.44225, 5.4425, 5.44275, 5.443, 5.44325, 5.4435, 5.44375, 
5.444, 5.44425, 5.4445, 5.44475, 5.445, 5.44525, 5.4455, 5.44575, 5.446, 5.44625, 5.4465, 5.44675, 5.447, 5.44725, 5.4475, 5.44775, 
5.448, 5.44825, 5.4485, 5.44875, 5.449, 5.44925, 5.4495, 5.44975, 5.45, 5.45025, 5.4505, 5.45075, 5.451, 5.45125, 5.4515, 5.45175, 
5.452, 5.45225, 5.4525, 5.45275, 5.453, 5.45325, 5.4535, 5.45375, 5.454, 5.45425, 5.4545, 5.45475, 5.455, 5.45525, 5.4555, 5.45575, 
5.456, 5.45625, 5.4565, 5.45675, 5.457, 5.45725, 5.4575, 5.45775, 5.458, 5.45825, 5.4585, 5.45875, 5.459, 5.45925, 5.4595, 5.45975, 
5.46, 5.46025, 5.4605, 5.46075, 5.461, 5.46125, 5.4615, 5.46175, 5.462, 5.46225, 5.4625, 5.46275, 5.463, 5.46325, 5.4635, 5.46375, 
5.464, 5.46425, 5.4645, 5.46475, 5.465, 5.46525, 5.4655, 5.46575, 5.466, 5.46625, 5.4665, 5.46675, 5.467, 5.46725, 5.4675, 5.46775, 
5.468, 5.46825, 5.4685, 5.46875, 5.469, 5.46925, 5.4695, 5.46975, 5.47, 5.47025, 5.4705, 5.47075, 5.471, 5.47125, 5.4715, 5.47175, 
5.472, 5.47225, 5.4725, 5.47275, 5.473, 5.47325, 5.4735, 5.47375, 5.474, 5.47425, 5.4745, 5.47475, 5.475, 5.47525, 5.4755, 5.47575, 
5.476, 5.47625, 5.4765, 5.47675, 5.477, 5.47725, 5.4775, 5.47775, 5.478, 5.47825, 5.4785, 5.47875, 5.479, 5.47925, 5.4795, 5.47975, 
5.48, 5.48025, 5.4805, 5.48075, 5.481, 5.48125, 5.4815, 5.48175, 5.482, 5.48225, 5.4825, 5.48275, 5.483, 5.48325, 5.4835, 5.48375, 
5.484, 5.48425, 5.4845, 5.48475, 5.485, 5.48525, 5.4855, 5.48575, 5.486, 5.48625, 5.4865, 5.48675, 5.487, 5.48725, 5.4875, 5.48775, 
5.488, 5.48825, 5.4885, 5.48875, 5.489, 5.48925, 5.4895, 5.48975, 5.49, 5.49025, 5.4905, 5.49075, 5.491, 5.49125, 5.4915, 5.49175, 
5.492, 5.49225, 5.4925, 5.49275, 5.493, 5.49325, 5.4935, 5.49375, 5.494, 5.49425, 5.4945, 5.49475, 5.495, 5.49525, 5.4955, 5.49575, 
5.496, 5.49625, 5.4965, 5.49675, 5.497, 5.49725, 5.4975, 5.49775, 5.498, 5.49825, 5.4985, 5.49875, 5.499, 5.49925, 5.4995, 5.49975, 
5.5, 5.50025, 5.5005, 5.50075, 5.501, 5.50125, 5.5015, 5.50175, 5.502, 5.50225, 5.5025, 5.50275, 5.503, 5.50325, 5.5035, 5.50375, 
5.504, 5.50425, 5.5045, 5.50475, 5.505, 5.50525, 5.5055, 5.50575, 5.506, 5.50625, 5.5065, 5.50675, 5.507, 5.50725, 5.5075, 5.50775, 
5.508, 5.50825, 5.5085, 5.50875, 5.509, 5.50925, 5.5095, 5.50975, 5.51, 5.51025, 5.5105, 5.51075, 5.511, 5.51125, 5.5115, 5.51175, 
5.512, 5.51225, 5.5125, 5.51275, 5.513, 5.51325, 5.5135, 5.51375, 5.514, 5.51425, 5.5145, 5.51475, 5.515, 5.51525, 5.5155, 5.51575, 
5.516, 5.51625, 5.5165, 5.51675, 5.517, 5.51725, 5.5175, 5.51775, 5.518, 5.51825, 5.5185, 5.51875, 5.519, 5.51925, 5.5195, 5.51975, 
5.52, 5.52025, 5.5205, 5.52075, 5.521, 5.52125, 5.5215, 5.52175, 5.522, 5.52225, 5.5225, 5.52275, 5.523, 5.52325, 5.5235, 5.52375, 
5.524, 5.52425, 5.5245, 5.52475, 5.525, 5.52525, 5.5255, 5.52575, 5.526, 5.52625, 5.5265, 5.52675, 5.527, 5.52725, 5.5275, 5.52775, 
5.528, 5.52825, 5.5285, 5.52875, 5.529, 5.52925, 5.5295, 5.52975, 5.53, 5.53025, 5.5305, 5.53075, 5.531, 5.53125, 5.5315, 5.53175, 
5.532, 5.53225, 5.5325, 5.53275, 5.533, 5.53325, 5.5335, 5.53375, 5.534, 5.53425, 5.5345, 5.53475, 5.535, 5.53525, 5.5355, 5.53575, 
5.536, 5.53625, 5.5365, 5.53675, 5.537, 5.53725, 5.5375, 5.53775, 5.538, 5.53825, 5.5385, 5.53875, 5.539, 5.53925, 5.5395, 5.53975, 
5.54, 5.54025, 5.5405, 5.54075, 5.541, 5.54125, 5.5415, 5.54175, 5.542, 5.54225, 5.5425, 5.54275, 5.543, 5.54325, 5.5435, 5.54375, 
5.544, 5.54425, 5.5445, 5.54475, 5.545, 5.54525, 5.5455, 5.54575, 5.546, 5.54625, 5.5465, 5.54675, 5.547, 5.54725, 5.5475, 5.54775, 
5.548, 5.54825, 5.5485, 5.54875, 5.549, 5.54925, 5.5495, 5.54975, 5.55, 5.55025, 5.5505, 5.55075, 5.551, 5.55125, 5.5515, 5.55175, 
5.552, 5.55225, 5.5525, 5.55275, 5.553, 5.55325, 5.5535, 5.55375, 5.554, 5.55425, 5.5545, 5.55475, 5.555, 5.55525, 5.5555, 5.55575, 
5.556, 5.55625, 5.5565, 5.55675, 5.557, 5.55725, 5.5575, 5.55775, 5.558, 5.55825, 5.5585, 5.55875, 5.559, 5.55925, 5.5595, 5.55975, 
5.56, 5.56025, 5.5605, 5.56075, 5.561, 5.56125, 5.5615, 5.56175, 5.562, 5.56225, 5.5625, 5.56275, 5.563, 5.56325, 5.5635, 5.56375, 
5.564, 5.56425, 5.5645, 5.56475, 5.565, 5.56525, 5.5655, 5.56575, 5.566, 5.56625, 5.5665, 5.56675, 5.567, 5.56725, 5.5675, 5.56775, 
5.568, 5.56825, 5.5685, 5.56875, 5.569, 5.56925, 5.5695, 5.56975, 5.57, 5.57025, 5.5705, 5.57075, 5.571, 5.57125, 5.5715, 5.57175, 
5.572, 5.57225, 5.5725, 5.57275, 5.573, 5.57325, 5.5735, 5.57375, 5.574, 5.57425, 5.5745, 5.57475, 5.575, 5.57525, 5.5755, 5.57575, 
5.576, 5.57625, 5.5765, 5.57675, 5.577, 5.57725, 5.5775, 5.57775, 5.578, 5.57825, 5.5785, 5.57875, 5.579, 5.57925, 5.5795, 5.57975, 
5.58, 5.58025, 5.5805, 5.58075, 5.581, 5.58125, 5.5815, 5.58175, 5.582, 5.58225, 5.5825, 5.58275, 5.583, 5.58325, 5.5835, 5.58375, 
5.584, 5.58425, 5.5845, 5.58475, 5.585, 5.58525, 5.5855, 5.58575, 5.586, 5.58625, 5.5865, 5.58675, 5.587, 5.58725, 5.5875, 5.58775, 
5.588, 5.58825, 5.5885, 5.58875, 5.589, 5.58925, 5.5895, 5.58975, 5.59, 5.59025, 5.5905, 5.59075, 5.591, 5.59125, 5.5915, 5.59175, 
5.592, 5.59225, 5.5925, 5.59275, 5.593, 5.59325, 5.5935, 5.59375, 5.594, 5.59425, 5.5945, 5.59475, 5.595, 5.59525, 5.5955, 5.59575, 
5.596, 5.59625, 5.5965, 5.59675, 5.597, 5.59725, 5.5975, 5.59775, 5.598, 5.59825, 5.5985, 5.59875, 5.599, 5.59925, 5.5995, 5.59975, 
5.6, 5.60025, 5.6005, 5.60075, 5.601, 5.60125, 5.6015, 5.60175, 5.602, 5.60225, 5.6025, 5.60275, 5.603, 5.60325, 5.6035, 5.60375, 
5.604, 5.60425, 5.6045, 5.60475, 5.605, 5.60525, 5.6055, 5.60575, 5.606, 5.60625, 5.6065, 5.60675, 5.607, 5.60725, 5.6075, 5.60775, 
5.608, 5.60825, 5.6085, 5.60875, 5.609, 5.60925, 5.6095, 5.60975, 5.61, 5.61025, 5.6105, 5.61075, 5.611, 5.61125, 5.6115, 5.61175, 
5.612, 5.61225, 5.6125, 5.61275, 5.613, 5.61325, 5.6135, 5.61375, 5.614, 5.61425, 5.6145, 5.61475, 5.615, 5.61525, 5.6155, 5.61575, 
5.616, 5.61625, 5.6165, 5.61675, 5.617, 5.61725, 5.6175, 5.61775, 5.618, 5.61825, 5.6185, 5.61875, 5.619, 5.61925, 5.6195, 5.61975, 
5.62, 5.62025, 5.6205, 5.62075, 5.621, 5.62125, 5.6215, 5.62175, 5.622, 5.62225, 5.6225, 5.62275, 5.623, 5.62325, 5.6235, 5.62375, 
5.624, 5.62425, 5.6245, 5.62475, 5.625, 5.62525, 5.6255, 5.62575, 5.626, 5.62625, 5.6265, 5.62675, 5.627, 5.62725, 5.6275, 5.62775, 
5.628, 5.62825, 5.6285, 5.62875, 5.629, 5.62925, 5.6295, 5.62975, 5.63, 5.63025, 5.6305, 5.63075, 5.631, 5.63125, 5.6315, 5.63175, 
5.632, 5.63225, 5.6325, 5.63275, 5.633, 5.63325, 5.6335, 5.63375, 5.634, 5.63425, 5.6345, 5.63475, 5.635, 5.63525, 5.6355, 5.63575, 
5.636, 5.63625, 5.6365, 5.63675, 5.637, 5.63725, 5.6375, 5.63775, 5.638, 5.63825, 5.6385, 5.63875, 5.639, 5.63925, 5.6395, 5.63975, 
5.64, 5.64025, 5.6405, 5.64075, 5.641, 5.64125, 5.6415, 5.64175, 5.642, 5.64225, 5.6425, 5.64275, 5.643, 5.64325, 5.6435, 5.64375, 
5.644, 5.64425, 5.6445, 5.64475, 5.645, 5.64525, 5.6455, 5.64575, 5.646, 5.64625, 5.6465, 5.64675, 5.647, 5.64725, 5.6475, 5.64775, 
5.648, 5.64825, 5.6485, 5.64875, 5.649, 5.64925, 5.6495, 5.64975, 5.65, 5.65025, 5.6505, 5.65075, 5.651, 5.65125, 5.6515, 5.65175, 
5.652, 5.65225, 5.6525, 5.65275, 5.653, 5.65325, 5.6535, 5.65375, 5.654, 5.65425, 5.6545, 5.65475, 5.655, 5.65525, 5.6555, 5.65575, 
5.656, 5.65625, 5.6565, 5.65675, 5.657, 5.65725, 5.6575, 5.65775, 5.658, 5.65825, 5.6585, 5.65875, 5.659, 5.65925, 5.6595, 5.65975, 
5.66, 5.66025, 5.6605, 5.66075, 5.661, 5.66125, 5.6615, 5.66175, 5.662, 5.66225, 5.6625, 5.66275, 5.663, 5.66325, 5.6635, 5.66375, 
5.664, 5.66425, 5.6645, 5.66475, 5.665, 5.66525, 5.6655, 5.66575, 5.666, 5.66625, 5.6665, 5.66675, 5.667, 5.66725, 5.6675, 5.66775, 
5.668, 5.66825, 5.6685, 5.66875, 5.669, 5.66925, 5.6695, 5.66975, 5.67, 5.67025, 5.6705, 5.67075, 5.671, 5.67125, 5.6715, 5.67175, 
5.672, 5.67225, 5.6725, 5.67275, 5.673, 5.67325, 5.6735, 5.67375, 5.674, 5.67425, 5.6745, 5.67475, 5.675, 5.67525, 5.6755, 5.67575, 
5.676, 5.67625, 5.6765, 5.67675, 5.677, 5.67725, 5.6775, 5.67775, 5.678, 5.67825, 5.6785, 5.67875, 5.679, 5.67925, 5.6795, 5.67975, 
5.68, 5.68025, 5.6805, 5.68075, 5.681, 5.68125, 5.6815, 5.68175, 5.682, 5.68225, 5.6825, 5.68275, 5.683, 5.68325, 5.6835, 5.68375, 
5.684, 5.68425, 5.6845, 5.68475, 5.685, 5.68525, 5.6855, 5.68575, 5.686, 5.68625, 5.6865, 5.68675, 5.687, 5.68725, 5.6875, 5.68775, 
5.688, 5.68825, 5.6885, 5.68875, 5.689, 5.68925, 5.6895, 5.68975, 5.69, 5.69025, 5.6905, 5.69075, 5.691, 5.69125, 5.6915, 5.69175, 
5.692, 5.69225, 5.6925, 5.69275, 5.693, 5.69325, 5.6935, 5.69375, 5.694, 5.69425, 5.6945, 5.69475, 5.695, 5.69525, 5.6955, 5.69575, 
5.696, 5.69625, 5.6965, 5.69675, 5.697, 5.69725, 5.6975, 5.69775, 5.698, 5.69825, 5.6985, 5.69875, 5.699, 5.69925, 5.6995, 5.69975, 
5.7, 5.70025, 5.7005, 5.70075, 5.701, 5.70125, 5.7015, 5.70175, 5.702, 5.70225, 5.7025, 5.70275, 5.703, 5.70325, 5.7035, 5.70375, 
5.704, 5.70425, 5.7045, 5.70475, 5.705, 5.70525, 5.7055, 5.70575, 5.706, 5.70625, 5.7065, 5.70675, 5.707, 5.70725, 5.7075, 5.70775, 
5.708, 5.70825, 5.7085, 5.70875, 5.709, 5.70925, 5.7095, 5.70975, 5.71, 5.71025, 5.7105, 5.71075, 5.711, 5.71125, 5.7115, 5.71175, 
5.712, 5.71225, 5.7125, 5.71275, 5.713, 5.71325, 5.7135, 5.71375, 5.714, 5.71425, 5.7145, 5.71475, 5.715, 5.71525, 5.7155, 5.71575, 
5.716, 5.71625, 5.7165, 5.71675, 5.717, 5.71725, 5.7175, 5.71775, 5.718, 5.71825, 5.7185, 5.71875, 5.719, 5.71925, 5.7195, 5.71975, 
5.72, 5.72025, 5.7205, 5.72075, 5.721, 5.72125, 5.7215, 5.72175, 5.722, 5.72225, 5.7225, 5.72275, 5.723, 5.72325, 5.7235, 5.72375, 
5.724, 5.72425, 5.7245, 5.72475, 5.725, 5.72525, 5.7255, 5.72575, 5.726, 5.72625, 5.7265, 5.72675, 5.727, 5.72725, 5.7275, 5.72775, 
5.728, 5.72825, 5.7285, 5.72875, 5.729, 5.72925, 5.7295, 5.72975, 5.73, 5.73025, 5.7305, 5.73075, 5.731, 5.73125, 5.7315, 5.73175, 
5.732, 5.73225, 5.7325, 5.73275, 5.733, 5.73325, 5.7335, 5.73375, 5.734, 5.73425, 5.7345, 5.73475, 5.735, 5.73525, 5.7355, 5.73575, 
5.736, 5.73625, 5.7365, 5.73675, 5.737, 5.73725, 5.7375, 5.73775, 5.738, 5.73825, 5.7385, 5.73875, 5.739, 5.73925, 5.7395, 5.73975, 
5.74, 5.74025, 5.7405, 5.74075, 5.741, 5.74125, 5.7415, 5.74175, 5.742, 5.74225, 5.7425, 5.74275, 5.743, 5.74325, 5.7435, 5.74375, 
5.744, 5.74425, 5.7445, 5.74475, 5.745, 5.74525, 5.7455, 5.74575, 5.746, 5.74625, 5.7465, 5.74675, 5.747, 5.74725, 5.7475, 5.74775, 
5.748, 5.74825, 5.7485, 5.74875, 5.749, 5.74925, 5.7495, 5.74975, 5.75, 5.75025, 5.7505, 5.75075, 5.751, 5.75125, 5.7515, 5.75175, 
5.752, 5.75225, 5.7525, 5.75275, 5.753, 5.75325, 5.7535, 5.75375, 5.754, 5.75425, 5.7545, 5.75475, 5.755, 5.75525, 5.7555, 5.75575, 
5.756, 5.75625, 5.7565, 5.75675, 5.757, 5.75725, 5.7575, 5.75775, 5.758, 5.75825, 5.7585, 5.75875, 5.759, 5.75925, 5.7595, 5.75975, 
5.76, 5.76025, 5.7605, 5.76075, 5.761, 5.76125, 5.7615, 5.76175, 5.762, 5.76225, 5.7625, 5.76275, 5.763, 5.76325, 5.7635, 5.76375, 
5.764, 5.76425, 5.7645, 5.76475, 5.765, 5.76525, 5.7655, 5.76575, 5.766, 5.76625, 5.7665, 5.76675, 5.767, 5.76725, 5.7675, 5.76775, 
5.768, 5.76825, 5.7685, 5.76875, 5.769, 5.76925, 5.7695, 5.76975, 5.77, 5.77025, 5.7705, 5.77075, 5.771, 5.77125, 5.7715, 5.77175, 
5.772, 5.77225, 5.7725, 5.77275, 5.773, 5.77325, 5.7735, 5.77375, 5.774, 5.77425, 5.7745, 5.77475, 5.775, 5.77525, 5.7755, 5.77575, 
5.776, 5.77625, 5.7765, 5.77675, 5.777, 5.77725, 5.7775, 5.77775, 5.778, 5.77825, 5.7785, 5.77875, 5.779, 5.77925, 5.7795, 5.77975, 
5.78, 5.78025, 5.7805, 5.78075, 5.781, 5.78125, 5.7815, 5.78175, 5.782, 5.78225, 5.7825, 5.78275, 5.783, 5.78325, 5.7835, 5.78375, 
5.784, 5.78425, 5.7845, 5.78475, 5.785, 5.78525, 5.7855, 5.78575, 5.786, 5.78625, 5.7865, 5.78675, 5.787, 5.78725, 5.7875, 5.78775, 
5.788, 5.78825, 5.7885, 5.78875, 5.789, 5.78925, 5.7895, 5.78975, 5.79, 5.79025, 5.7905, 5.79075, 5.791, 5.79125, 5.7915, 5.79175, 
5.792, 5.79225, 5.7925, 5.79275, 5.793, 5.79325, 5.7935, 5.79375, 5.794, 5.79425, 5.7945, 5.79475, 5.795, 5.79525, 5.7955, 5.79575, 
5.796, 5.79625, 5.7965, 5.79675, 5.797, 5.79725, 5.7975, 5.79775, 5.798, 5.79825, 5.7985, 5.79875, 5.799, 5.79925, 5.7995, 5.79975, 
5.8, 5.80025, 5.8005, 5.80075, 5.801, 5.80125, 5.8015, 5.80175, 5.802, 5.80225, 5.8025, 5.80275, 5.803, 5.80325, 5.8035, 5.80375, 
5.804, 5.80425, 5.8045, 5.80475, 5.805, 5.80525, 5.8055, 5.80575, 5.806, 5.80625, 5.8065, 5.80675, 5.807, 5.80725, 5.8075, 5.80775, 
5.808, 5.80825, 5.8085, 5.80875, 5.809, 5.80925, 5.8095, 5.80975, 5.81, 5.81025, 5.8105, 5.81075, 5.811, 5.81125, 5.8115, 5.81175, 
5.812, 5.81225, 5.8125, 5.81275, 5.813, 5.81325, 5.8135, 5.81375, 5.814, 5.81425, 5.8145, 5.81475, 5.815, 5.81525, 5.8155, 5.81575, 
5.816, 5.81625, 5.8165, 5.81675, 5.817, 5.81725, 5.8175, 5.81775, 5.818, 5.81825, 5.8185, 5.81875, 5.819, 5.81925, 5.8195, 5.81975, 
5.82, 5.82025, 5.8205, 5.82075, 5.821, 5.82125, 5.8215, 5.82175, 5.822, 5.82225, 5.8225, 5.82275, 5.823, 5.82325, 5.8235, 5.82375, 
5.824, 5.82425, 5.8245, 5.82475, 5.825, 5.82525, 5.8255, 5.82575, 5.826, 5.82625, 5.8265, 5.82675, 5.827, 5.82725, 5.8275, 5.82775, 
5.828, 5.82825, 5.8285, 5.82875, 5.829, 5.82925, 5.8295, 5.82975, 5.83, 5.83025, 5.8305, 5.83075, 5.831, 5.83125, 5.8315, 5.83175, 
5.832, 5.83225, 5.8325, 5.83275, 5.833, 5.83325, 5.8335, 5.83375, 5.834, 5.83425, 5.8345, 5.83475, 5.835, 5.83525, 5.8355, 5.83575, 
5.836, 5.83625, 5.8365, 5.83675, 5.837, 5.83725, 5.8375, 5.83775, 5.838, 5.83825, 5.8385, 5.83875, 5.839, 5.83925, 5.8395, 5.83975, 
5.84, 5.84025, 5.8405, 5.84075, 5.841, 5.84125, 5.8415, 5.84175, 5.842, 5.84225, 5.8425, 5.84275, 5.843, 5.84325, 5.8435, 5.84375, 
5.844, 5.84425, 5.8445, 5.84475, 5.845, 5.84525, 5.8455, 5.84575, 5.846, 5.84625, 5.8465, 5.84675, 5.847, 5.84725, 5.8475, 5.84775, 
5.848, 5.84825, 5.8485, 5.84875, 5.849, 5.84925, 5.8495, 5.84975, 5.85, 5.85025, 5.8505, 5.85075, 5.851, 5.85125, 5.8515, 5.85175, 
5.852, 5.85225, 5.8525, 5.85275, 5.853, 5.85325, 5.8535, 5.85375, 5.854, 5.85425, 5.8545, 5.85475, 5.855, 5.85525, 5.8555, 5.85575, 
5.856, 5.85625, 5.8565, 5.85675, 5.857, 5.85725, 5.8575, 5.85775, 5.858, 5.85825, 5.8585, 5.85875, 5.859, 5.85925, 5.8595, 5.85975, 
5.86, 5.86025, 5.8605, 5.86075, 5.861, 5.86125, 5.8615, 5.86175, 5.862, 5.86225, 5.8625, 5.86275, 5.863, 5.86325, 5.8635, 5.86375, 
5.864, 5.86425, 5.8645, 5.86475, 5.865, 5.86525, 5.8655, 5.86575, 5.866, 5.86625, 5.8665, 5.86675, 5.867, 5.86725, 5.8675, 5.86775, 
5.868, 5.86825, 5.8685, 5.86875, 5.869, 5.86925, 5.8695, 5.86975, 5.87, 5.87025, 5.8705, 5.87075, 5.871, 5.87125, 5.8715, 5.87175, 
5.872, 5.87225, 5.8725, 5.87275, 5.873, 5.87325, 5.8735, 5.87375, 5.874, 5.87425, 5.8745, 5.87475, 5.875, 5.87525, 5.8755, 5.87575, 
5.876, 5.87625, 5.8765, 5.87675, 5.877, 5.87725, 5.8775, 5.87775, 5.878, 5.87825, 5.8785, 5.87875, 5.879, 5.87925, 5.8795, 5.87975, 
5.88, 5.88025, 5.8805, 5.88075, 5.881, 5.88125, 5.8815, 5.88175, 5.882, 5.88225, 5.8825, 5.88275, 5.883, 5.88325, 5.8835, 5.88375, 
5.884, 5.88425, 5.8845, 5.88475, 5.885, 5.88525, 5.8855, 5.88575, 5.886, 5.88625, 5.8865, 5.88675, 5.887, 5.88725, 5.8875, 5.88775, 
5.888, 5.88825, 5.8885, 5.88875, 5.889, 5.88925, 5.8895, 5.88975, 5.89, 5.89025, 5.8905, 5.89075, 5.891, 5.89125, 5.8915, 5.89175, 
5.892, 5.89225, 5.8925, 5.89275, 5.893, 5.89325, 5.8935, 5.89375, 5.894, 5.89425, 5.8945, 5.89475, 5.895, 5.89525, 5.8955, 5.89575, 
5.896, 5.89625, 5.8965, 5.89675, 5.897, 5.89725, 5.8975, 5.89775, 5.898, 5.89825, 5.8985, 5.89875, 5.899, 5.89925, 5.8995, 5.89975, 
5.9, 5.90025, 5.9005, 5.90075, 5.901, 5.90125, 5.9015, 5.90175, 5.902, 5.90225, 5.9025, 5.90275, 5.903, 5.90325, 5.9035, 5.90375, 
5.904, 5.90425, 5.9045, 5.90475, 5.905, 5.90525, 5.9055, 5.90575, 5.906, 5.90625, 5.9065, 5.90675, 5.907, 5.90725, 5.9075, 5.90775, 
5.908, 5.90825, 5.9085, 5.90875, 5.909, 5.90925, 5.9095, 5.90975, 5.91, 5.91025, 5.9105, 5.91075, 5.911, 5.91125, 5.9115, 5.91175, 
5.912, 5.91225, 5.9125, 5.91275, 5.913, 5.91325, 5.9135, 5.91375, 5.914, 5.91425, 5.9145, 5.91475, 5.915, 5.91525, 5.9155, 5.91575, 
5.916, 5.91625, 5.9165, 5.91675, 5.917, 5.91725, 5.9175, 5.91775, 5.918, 5.91825, 5.9185, 5.91875, 5.919, 5.91925, 5.9195, 5.91975, 
5.92, 5.92025, 5.9205, 5.92075, 5.921, 5.92125, 5.9215, 5.92175, 5.922, 5.92225, 5.9225, 5.92275, 5.923, 5.92325, 5.9235, 5.92375, 
5.924, 5.92425, 5.9245, 5.92475, 5.925, 5.92525, 5.9255, 5.92575, 5.926, 5.92625, 5.9265, 5.92675, 5.927, 5.92725, 5.9275, 5.92775, 
5.928, 5.92825, 5.9285, 5.92875, 5.929, 5.92925, 5.9295, 5.92975, 5.93, 5.93025, 5.9305, 5.93075, 5.931, 5.93125, 5.9315, 5.93175, 
5.932, 5.93225, 5.9325, 5.93275, 5.933, 5.93325, 5.9335, 5.93375, 5.934, 5.93425, 5.9345, 5.93475, 5.935, 5.93525, 5.9355, 5.93575, 
5.936, 5.93625, 5.9365, 5.93675, 5.937, 5.93725, 5.9375, 5.93775, 5.938, 5.93825, 5.9385, 5.93875, 5.939, 5.93925, 5.9395, 5.93975, 
5.94, 5.94025, 5.9405, 5.94075, 5.941, 5.94125, 5.9415, 5.94175, 5.942, 5.94225, 5.9425, 5.94275, 5.943, 5.94325, 5.9435, 5.94375, 
5.944, 5.94425, 5.9445, 5.94475, 5.945, 5.94525, 5.9455, 5.94575, 5.946, 5.94625, 5.9465, 5.94675, 5.947, 5.94725, 5.9475, 5.94775, 
5.948, 5.94825, 5.9485, 5.94875, 5.949, 5.94925, 5.9495, 5.94975, 5.95, 5.95025, 5.9505, 5.95075, 5.951, 5.95125, 5.9515, 5.95175, 
5.952, 5.95225, 5.9525, 5.95275, 5.953, 5.95325, 5.9535, 5.95375, 5.954, 5.95425, 5.9545, 5.95475, 5.955, 5.95525, 5.9555, 5.95575, 
5.956, 5.95625, 5.9565, 5.95675, 5.957, 5.95725, 5.9575, 5.95775, 5.958, 5.95825, 5.9585, 5.95875, 5.959, 5.95925, 5.9595, 5.95975, 
5.96, 5.96025, 5.9605, 5.96075, 5.961, 5.96125, 5.9615, 5.96175, 5.962, 5.96225, 5.9625, 5.96275, 5.963, 5.96325, 5.9635, 5.96375, 
5.964, 5.96425, 5.9645, 5.96475, 5.965, 5.96525, 5.9655, 5.96575, 5.966, 5.96625, 5.9665, 5.96675, 5.967, 5.96725, 5.9675, 5.96775, 
5.968, 5.96825, 5.9685, 5.96875, 5.969, 5.96925, 5.9695, 5.96975, 5.97, 5.97025, 5.9705, 5.97075, 5.971, 5.97125, 5.9715, 5.97175, 
5.972, 5.97225, 5.9725, 5.97275, 5.973, 5.97325, 5.9735, 5.97375, 5.974, 5.97425, 5.9745, 5.97475, 5.975, 5.97525, 5.9755, 5.97575, 
5.976, 5.97625, 5.9765, 5.97675, 5.977, 5.97725, 5.9775, 5.97775, 5.978, 5.97825, 5.9785, 5.97875, 5.979, 5.97925, 5.9795, 5.97975, 
5.98, 5.98025, 5.9805, 5.98075, 5.981, 5.98125, 5.9815, 5.98175, 5.982, 5.98225, 5.9825, 5.98275, 5.983, 5.98325, 5.9835, 5.98375, 
5.984, 5.98425, 5.9845, 5.98475, 5.985, 5.98525, 5.9855, 5.98575, 5.986, 5.98625, 5.9865, 5.98675, 5.987, 5.98725, 5.9875, 5.98775, 
5.988, 5.98825, 5.9885, 5.98875, 5.989, 5.98925, 5.9895, 5.98975, 5.99, 5.99025, 5.9905, 5.99075, 5.991, 5.99125, 5.9915, 5.99175, 
5.992, 5.99225, 5.9925, 5.99275, 5.993, 5.99325, 5.9935, 5.99375, 5.994, 5.99425, 5.9945, 5.99475, 5.995, 5.99525, 5.9955, 5.99575, 
5.996, 5.99625, 5.9965, 5.99675, 5.997, 5.99725, 5.9975, 5.99775, 5.998, 5.99825, 5.9985, 5.99875, 5.999, 5.99925, 5.9995, 5.99975, 
6, 6.00025, 6.0005, 6.00075, 6.001, 6.00125, 6.0015, 6.00175, 6.002, 6.00225, 6.0025, 6.00275, 6.003, 6.00325, 6.0035, 6.00375, 
6.004, 6.00425, 6.0045, 6.00475, 6.005, 6.00525, 6.0055, 6.00575, 6.006, 6.00625, 6.0065, 6.00675, 6.007, 6.00725, 6.0075, 6.00775, 
6.008, 6.00825, 6.0085, 6.00875, 6.009, 6.00925, 6.0095, 6.00975, 6.01, 6.01025, 6.0105, 6.01075, 6.011, 6.01125, 6.0115, 6.01175, 
6.012, 6.01225, 6.0125, 6.01275, 6.013, 6.01325, 6.0135, 6.01375, 6.014, 6.01425, 6.0145, 6.01475, 6.015, 6.01525, 6.0155, 6.01575, 
6.016, 6.01625, 6.0165, 6.01675, 6.017, 6.01725, 6.0175, 6.01775, 6.018, 6.01825, 6.0185, 6.01875, 6.019, 6.01925, 6.0195, 6.01975, 
6.02, 6.02025, 6.0205, 6.02075, 6.021, 6.02125, 6.0215, 6.02175, 6.022, 6.02225, 6.0225, 6.02275, 6.023, 6.02325, 6.0235, 6.02375, 
6.024, 6.02425, 6.0245, 6.02475, 6.025, 6.02525, 6.0255, 6.02575, 6.026, 6.02625, 6.0265, 6.02675, 6.027, 6.02725, 6.0275, 6.02775, 
6.028, 6.02825, 6.0285, 6.02875, 6.029, 6.02925, 6.0295, 6.02975, 6.03, 6.03025, 6.0305, 6.03075, 6.031, 6.03125, 6.0315, 6.03175, 
6.032, 6.03225, 6.0325, 6.03275, 6.033, 6.03325, 6.0335, 6.03375, 6.034, 6.03425, 6.0345, 6.03475, 6.035, 6.03525, 6.0355, 6.03575, 
6.036, 6.03625, 6.0365, 6.03675, 6.037, 6.03725, 6.0375, 6.03775, 6.038, 6.03825, 6.0385, 6.03875, 6.039, 6.03925, 6.0395, 6.03975, 
6.04, 6.04025, 6.0405, 6.04075, 6.041, 6.04125, 6.0415, 6.04175, 6.042, 6.04225, 6.0425, 6.04275, 6.043, 6.04325, 6.0435, 6.04375, 
6.044, 6.04425, 6.0445, 6.04475, 6.045, 6.04525, 6.0455, 6.04575, 6.046, 6.04625, 6.0465, 6.04675, 6.047, 6.04725, 6.0475, 6.04775, 
6.048, 6.04825, 6.0485, 6.04875, 6.049, 6.04925, 6.0495, 6.04975, 6.05, 6.05025, 6.0505, 6.05075, 6.051, 6.05125, 6.0515, 6.05175, 
6.052, 6.05225, 6.0525, 6.05275, 6.053, 6.05325, 6.0535, 6.05375, 6.054, 6.05425, 6.0545, 6.05475, 6.055, 6.05525, 6.0555, 6.05575, 
6.056, 6.05625, 6.0565, 6.05675, 6.057, 6.05725, 6.0575, 6.05775, 6.058, 6.05825, 6.0585, 6.05875, 6.059, 6.05925, 6.0595, 6.05975, 
6.06, 6.06025, 6.0605, 6.06075, 6.061, 6.06125, 6.0615, 6.06175, 6.062, 6.06225, 6.0625, 6.06275, 6.063, 6.06325, 6.0635, 6.06375, 
6.064, 6.06425, 6.0645, 6.06475, 6.065, 6.06525, 6.0655, 6.06575, 6.066, 6.06625, 6.0665, 6.06675, 6.067, 6.06725, 6.0675, 6.06775, 
6.068, 6.06825, 6.0685, 6.06875, 6.069, 6.06925, 6.0695, 6.06975, 6.07, 6.07025, 6.0705, 6.07075, 6.071, 6.07125, 6.0715, 6.07175, 
6.072, 6.07225, 6.0725, 6.07275, 6.073, 6.07325, 6.0735, 6.07375, 6.074, 6.07425, 6.0745, 6.07475, 6.075, 6.07525, 6.0755, 6.07575, 
6.076, 6.07625, 6.0765, 6.07675, 6.077, 6.07725, 6.0775, 6.07775, 6.078, 6.07825, 6.0785, 6.07875, 6.079, 6.07925, 6.0795, 6.07975, 
6.08, 6.08025, 6.0805, 6.08075, 6.081, 6.08125, 6.0815, 6.08175, 6.082, 6.08225, 6.0825, 6.08275, 6.083, 6.08325, 6.0835, 6.08375, 
6.084, 6.08425, 6.0845, 6.08475, 6.085, 6.08525, 6.0855, 6.08575, 6.086, 6.08625, 6.0865, 6.08675, 6.087, 6.08725, 6.0875, 6.08775, 
6.088, 6.08825, 6.0885, 6.08875, 6.089, 6.08925, 6.0895, 6.08975, 6.09, 6.09025, 6.0905, 6.09075, 6.091, 6.09125, 6.0915, 6.09175, 
6.092, 6.09225, 6.0925, 6.09275, 6.093, 6.09325, 6.0935, 6.09375, 6.094, 6.09425, 6.0945, 6.09475, 6.095, 6.09525, 6.0955, 6.09575, 
6.096, 6.09625, 6.0965, 6.09675, 6.097, 6.09725, 6.0975, 6.09775, 6.098, 6.09825, 6.0985, 6.09875, 6.099, 6.09925, 6.0995, 6.09975, 
6.1, 6.10025, 6.1005, 6.10075, 6.101, 6.10125, 6.1015, 6.10175, 6.102, 6.10225, 6.1025, 6.10275, 6.103, 6.10325, 6.1035, 6.10375, 
6.104, 6.10425, 6.1045, 6.10475, 6.105, 6.10525, 6.1055, 6.10575, 6.106, 6.10625, 6.1065, 6.10675, 6.107, 6.10725, 6.1075, 6.10775, 
6.108, 6.10825, 6.1085, 6.10875, 6.109, 6.10925, 6.1095, 6.10975, 6.11, 6.11025, 6.1105, 6.11075, 6.111, 6.11125, 6.1115, 6.11175, 
6.112, 6.11225, 6.1125, 6.11275, 6.113, 6.11325, 6.1135, 6.11375, 6.114, 6.11425, 6.1145, 6.11475, 6.115, 6.11525, 6.1155, 6.11575, 
6.116, 6.11625, 6.1165, 6.11675, 6.117, 6.11725, 6.1175, 6.11775, 6.118, 6.11825, 6.1185, 6.11875, 6.119, 6.11925, 6.1195, 6.11975, 
6.12, 6.12025, 6.1205, 6.12075, 6.121, 6.12125, 6.1215, 6.12175, 6.122, 6.12225, 6.1225, 6.12275, 6.123, 6.12325, 6.1235, 6.12375, 
6.124, 6.12425, 6.1245, 6.12475, 6.125, 6.12525, 6.1255, 6.12575, 6.126, 6.12625, 6.1265, 6.12675, 6.127, 6.12725, 6.1275, 6.12775, 
6.128, 6.12825, 6.1285, 6.12875, 6.129, 6.12925, 6.1295, 6.12975, 6.13, 6.13025, 6.1305, 6.13075, 6.131, 6.13125, 6.1315, 6.13175, 
6.132, 6.13225, 6.1325, 6.13275, 6.133, 6.13325, 6.1335, 6.13375, 6.134, 6.13425, 6.1345, 6.13475, 6.135, 6.13525, 6.1355, 6.13575, 
6.136, 6.13625, 6.1365, 6.13675, 6.137, 6.13725, 6.1375, 6.13775, 6.138, 6.13825, 6.1385, 6.13875, 6.139, 6.13925, 6.1395, 6.13975, 
6.14, 6.14025, 6.1405, 6.14075, 6.141, 6.14125, 6.1415, 6.14175, 6.142, 6.14225, 6.1425, 6.14275, 6.143, 6.14325, 6.1435, 6.14375, 
6.144, 6.14425, 6.1445, 6.14475, 6.145, 6.14525, 6.1455, 6.14575, 6.146, 6.14625, 6.1465, 6.14675, 6.147, 6.14725, 6.1475, 6.14775, 
6.148, 6.14825, 6.1485, 6.14875, 6.149, 6.14925, 6.1495, 6.14975, 6.15, 6.15025, 6.1505, 6.15075, 6.151, 6.15125, 6.1515, 6.15175, 
6.152, 6.15225, 6.1525, 6.15275, 6.153, 6.15325, 6.1535, 6.15375, 6.154, 6.15425, 6.1545, 6.15475, 6.155, 6.15525, 6.1555, 6.15575, 
6.156, 6.15625, 6.1565, 6.15675, 6.157, 6.15725, 6.1575, 6.15775, 6.158, 6.15825, 6.1585, 6.15875, 6.159, 6.15925, 6.1595, 6.15975, 
6.16, 6.16025, 6.1605, 6.16075, 6.161, 6.16125, 6.1615, 6.16175, 6.162, 6.16225, 6.1625, 6.16275, 6.163, 6.16325, 6.1635, 6.16375, 
6.164, 6.16425, 6.1645, 6.16475, 6.165, 6.16525, 6.1655, 6.16575, 6.166, 6.16625, 6.1665, 6.16675, 6.167, 6.16725, 6.1675, 6.16775, 
6.168, 6.16825, 6.1685, 6.16875, 6.169, 6.16925, 6.1695, 6.16975, 6.17, 6.17025, 6.1705, 6.17075, 6.171, 6.17125, 6.1715, 6.17175, 
6.172, 6.17225, 6.1725, 6.17275, 6.173, 6.17325, 6.1735, 6.17375, 6.174, 6.17425, 6.1745, 6.17475, 6.175, 6.17525, 6.1755, 6.17575, 
6.176, 6.17625, 6.1765, 6.17675, 6.177, 6.17725, 6.1775, 6.17775, 6.178, 6.17825, 6.1785, 6.17875, 6.179, 6.17925, 6.1795, 6.17975, 
6.18, 6.18025, 6.1805, 6.18075, 6.181, 6.18125, 6.1815, 6.18175, 6.182, 6.18225, 6.1825, 6.18275, 6.183, 6.18325, 6.1835, 6.18375, 
6.184, 6.18425, 6.1845, 6.18475, 6.185, 6.18525, 6.1855, 6.18575, 6.186, 6.18625, 6.1865, 6.18675, 6.187, 6.18725, 6.1875, 6.18775, 
6.188, 6.18825, 6.1885, 6.18875, 6.189, 6.18925, 6.1895, 6.18975, 6.19, 6.19025, 6.1905, 6.19075, 6.191, 6.19125, 6.1915, 6.19175, 
6.192, 6.19225, 6.1925, 6.19275, 6.193, 6.19325, 6.1935, 6.19375, 6.194, 6.19425, 6.1945, 6.19475, 6.195, 6.19525, 6.1955, 6.19575, 
6.196, 6.19625, 6.1965, 6.19675, 6.197, 6.19725, 6.1975, 6.19775, 6.198, 6.19825, 6.1985, 6.19875, 6.199, 6.19925, 6.1995, 6.19975, 
6.2, 6.20025, 6.2005, 6.20075, 6.201, 6.20125, 6.2015, 6.20175, 6.202, 6.20225, 6.2025, 6.20275, 6.203, 6.20325, 6.2035, 6.20375, 
6.204, 6.20425, 6.2045, 6.20475, 6.205, 6.20525, 6.2055, 6.20575, 6.206, 6.20625, 6.2065, 6.20675, 6.207, 6.20725, 6.2075, 6.20775, 
6.208, 6.20825, 6.2085, 6.20875, 6.209, 6.20925, 6.2095, 6.20975, 6.21, 6.21025, 6.2105, 6.21075, 6.211, 6.21125, 6.2115, 6.21175, 
6.212, 6.21225, 6.2125, 6.21275, 6.213, 6.21325, 6.2135, 6.21375, 6.214, 6.21425, 6.2145, 6.21475, 6.215, 6.21525, 6.2155, 6.21575, 
6.216, 6.21625, 6.2165, 6.21675, 6.217, 6.21725, 6.2175, 6.21775, 6.218, 6.21825, 6.2185, 6.21875, 6.219, 6.21925, 6.2195, 6.21975, 
6.22, 6.22025, 6.2205, 6.22075, 6.221, 6.22125, 6.2215, 6.22175, 6.222, 6.22225, 6.2225, 6.22275, 6.223, 6.22325, 6.2235, 6.22375, 
6.224, 6.22425, 6.2245, 6.22475, 6.225, 6.22525, 6.2255, 6.22575, 6.226, 6.22625, 6.2265, 6.22675, 6.227, 6.22725, 6.2275, 6.22775, 
6.228, 6.22825, 6.2285, 6.22875, 6.229, 6.22925, 6.2295, 6.22975, 6.23, 6.23025, 6.2305, 6.23075, 6.231, 6.23125, 6.2315, 6.23175, 
6.232, 6.23225, 6.2325, 6.23275, 6.233, 6.23325, 6.2335, 6.23375, 6.234, 6.23425, 6.2345, 6.23475, 6.235, 6.23525, 6.2355, 6.23575, 
6.236, 6.23625, 6.2365, 6.23675, 6.237, 6.23725, 6.2375, 6.23775, 6.238, 6.23825, 6.2385, 6.23875, 6.239, 6.23925, 6.2395, 6.23975, 
6.24, 6.24025, 6.2405, 6.24075, 6.241, 6.24125, 6.2415, 6.24175, 6.242, 6.24225, 6.2425, 6.24275, 6.243, 6.24325, 6.2435, 6.24375, 
6.244, 6.24425, 6.2445, 6.24475, 6.245, 6.24525, 6.2455, 6.24575, 6.246, 6.24625, 6.2465, 6.24675, 6.247, 6.24725, 6.2475, 6.24775, 
6.248, 6.24825, 6.2485, 6.24875, 6.249, 6.24925, 6.2495, 6.24975, 6.25, 6.25025, 6.2505, 6.25075, 6.251, 6.25125, 6.2515, 6.25175, 
6.252, 6.25225, 6.2525, 6.25275, 6.253, 6.25325, 6.2535, 6.25375, 6.254, 6.25425, 6.2545, 6.25475, 6.255, 6.25525, 6.2555, 6.25575, 
6.256, 6.25625, 6.2565, 6.25675, 6.257, 6.25725, 6.2575, 6.25775, 6.258, 6.25825, 6.2585, 6.25875, 6.259, 6.25925, 6.2595, 6.25975, 
6.26, 6.26025, 6.2605, 6.26075, 6.261, 6.26125, 6.2615, 6.26175, 6.262, 6.26225, 6.2625, 6.26275, 6.263, 6.26325, 6.2635, 6.26375, 
6.264, 6.26425, 6.2645, 6.26475, 6.265, 6.26525, 6.2655, 6.26575, 6.266, 6.26625, 6.2665, 6.26675, 6.267, 6.26725, 6.2675, 6.26775, 
6.268, 6.26825, 6.2685, 6.26875, 6.269, 6.26925, 6.2695, 6.26975, 6.27, 6.27025, 6.2705, 6.27075, 6.271, 6.27125, 6.2715, 6.27175, 
6.272, 6.27225, 6.2725, 6.27275, 6.273, 6.27325, 6.2735, 6.27375, 6.274, 6.27425, 6.2745, 6.27475, 6.275, 6.27525, 6.2755, 6.27575, 
6.276, 6.27625, 6.2765, 6.27675, 6.277, 6.27725, 6.2775, 6.27775, 6.278, 6.27825, 6.2785, 6.27875, 6.279, 6.27925, 6.2795, 6.27975, 
6.28, 6.28025, 6.2805, 6.28075, 6.281, 6.28125, 6.2815, 6.28175, 6.282, 6.28225, 6.2825, 6.28275, 6.283, 6.28325, 6.2835, 6.28375, 
6.284, 6.28425, 6.2845, 6.28475, 6.285, 6.28525, 6.2855, 6.28575, 6.286, 6.28625, 6.2865, 6.28675, 6.287, 6.28725, 6.2875, 6.28775, 
6.288, 6.28825, 6.2885, 6.28875, 6.289, 6.28925, 6.2895, 6.28975, 6.29, 6.29025, 6.2905, 6.29075, 6.291, 6.29125, 6.2915, 6.29175, 
6.292, 6.29225, 6.2925, 6.29275, 6.293, 6.29325, 6.2935, 6.29375, 6.294, 6.29425, 6.2945, 6.29475, 6.295, 6.29525, 6.2955, 6.29575, 
6.296, 6.29625, 6.2965, 6.29675, 6.297, 6.29725, 6.2975, 6.29775, 6.298, 6.29825, 6.2985, 6.29875, 6.299, 6.29925, 6.2995, 6.29975, 
6.3, 6.30025, 6.3005, 6.30075, 6.301, 6.30125, 6.3015, 6.30175, 6.302, 6.30225, 6.3025, 6.30275, 6.303, 6.30325, 6.3035, 6.30375, 
6.304, 6.30425, 6.3045, 6.30475, 6.305, 6.30525, 6.3055, 6.30575, 6.306, 6.30625, 6.3065, 6.30675, 6.307, 6.30725, 6.3075, 6.30775, 
6.308, 6.30825, 6.3085, 6.30875, 6.309, 6.30925, 6.3095, 6.30975, 6.31, 6.31025, 6.3105, 6.31075, 6.311, 6.31125, 6.3115, 6.31175, 
6.312, 6.31225, 6.3125, 6.31275, 6.313, 6.31325, 6.3135, 6.31375, 6.314, 6.31425, 6.3145, 6.31475, 6.315, 6.31525, 6.3155, 6.31575, 
6.316, 6.31625, 6.3165, 6.31675, 6.317, 6.31725, 6.3175, 6.31775, 6.318, 6.31825, 6.3185, 6.31875, 6.319, 6.31925, 6.3195, 6.31975, 
6.32, 6.32025, 6.3205, 6.32075, 6.321, 6.32125, 6.3215, 6.32175, 6.322, 6.32225, 6.3225, 6.32275, 6.323, 6.32325, 6.3235, 6.32375, 
6.324, 6.32425, 6.3245, 6.32475, 6.325, 6.32525, 6.3255, 6.32575, 6.326, 6.32625, 6.3265, 6.32675, 6.327, 6.32725, 6.3275, 6.32775, 
6.328, 6.32825, 6.3285, 6.32875, 6.329, 6.32925, 6.3295, 6.32975, 6.33, 6.33025, 6.3305, 6.33075, 6.331, 6.33125, 6.3315, 6.33175, 
6.332, 6.33225, 6.3325, 6.33275, 6.333, 6.33325, 6.3335, 6.33375, 6.334, 6.33425, 6.3345, 6.33475, 6.335, 6.33525, 6.3355, 6.33575, 
6.336, 6.33625, 6.3365, 6.33675, 6.337, 6.33725, 6.3375, 6.33775, 6.338, 6.33825, 6.3385, 6.33875, 6.339, 6.33925, 6.3395, 6.33975, 
6.34, 6.34025, 6.3405, 6.34075, 6.341, 6.34125, 6.3415, 6.34175, 6.342, 6.34225, 6.3425, 6.34275, 6.343, 6.34325, 6.3435, 6.34375, 
6.344, 6.34425, 6.3445, 6.34475, 6.345, 6.34525, 6.3455, 6.34575, 6.346, 6.34625, 6.3465, 6.34675, 6.347, 6.34725, 6.3475, 6.34775, 
6.348, 6.34825, 6.3485, 6.34875, 6.349, 6.34925, 6.3495, 6.34975, 6.35, 6.35025, 6.3505, 6.35075, 6.351, 6.35125, 6.3515, 6.35175, 
6.352, 6.35225, 6.3525, 6.35275, 6.353, 6.35325, 6.3535, 6.35375, 6.354, 6.35425, 6.3545, 6.35475, 6.355, 6.35525, 6.3555, 6.35575, 
6.356, 6.35625, 6.3565, 6.35675, 6.357, 6.35725, 6.3575, 6.35775, 6.358, 6.35825, 6.3585, 6.35875, 6.359, 6.35925, 6.3595, 6.35975, 
6.36, 6.36025, 6.3605, 6.36075, 6.361, 6.36125, 6.3615, 6.36175, 6.362, 6.36225, 6.3625, 6.36275, 6.363, 6.36325, 6.3635, 6.36375, 
6.364, 6.36425, 6.3645, 6.36475, 6.365, 6.36525, 6.3655, 6.36575, 6.366, 6.36625, 6.3665, 6.36675, 6.367, 6.36725, 6.3675, 6.36775, 
6.368, 6.36825, 6.3685, 6.36875, 6.369, 6.36925, 6.3695, 6.36975, 6.37, 6.37025, 6.3705, 6.37075, 6.371, 6.37125, 6.3715, 6.37175, 
6.372, 6.37225, 6.3725, 6.37275, 6.373, 6.37325, 6.3735, 6.37375, 6.374, 6.37425, 6.3745, 6.37475, 6.375, 6.37525, 6.3755, 6.37575, 
6.376, 6.37625, 6.3765, 6.37675, 6.377, 6.37725, 6.3775, 6.37775, 6.378, 6.37825, 6.3785, 6.37875, 6.379, 6.37925, 6.3795, 6.37975, 
6.38, 6.38025, 6.3805, 6.38075, 6.381, 6.38125, 6.3815, 6.38175, 6.382, 6.38225, 6.3825, 6.38275, 6.383, 6.38325, 6.3835, 6.38375, 
6.384, 6.38425, 6.3845, 6.38475, 6.385, 6.38525, 6.3855, 6.38575, 6.386, 6.38625, 6.3865, 6.38675, 6.387, 6.38725, 6.3875, 6.38775, 
6.388, 6.38825, 6.3885, 6.38875, 6.389, 6.38925, 6.3895, 6.38975, 6.39, 6.39025, 6.3905, 6.39075, 6.391, 6.39125, 6.3915, 6.39175, 
6.392, 6.39225, 6.3925, 6.39275, 6.393, 6.39325, 6.3935, 6.39375, 6.394, 6.39425, 6.3945, 6.39475, 6.395, 6.39525, 6.3955, 6.39575, 
6.396, 6.39625, 6.3965, 6.39675, 6.397, 6.39725, 6.3975, 6.39775, 6.398, 6.39825, 6.3985, 6.39875, 6.399, 6.39925, 6.3995, 6.39975, 
6.4, 6.40025, 6.4005, 6.40075, 6.401, 6.40125, 6.4015, 6.40175, 6.402, 6.40225, 6.4025, 6.40275, 6.403, 6.40325, 6.4035, 6.40375, 
6.404, 6.40425, 6.4045, 6.40475, 6.405, 6.40525, 6.4055, 6.40575, 6.406, 6.40625, 6.4065, 6.40675, 6.407, 6.40725, 6.4075, 6.40775, 
6.408, 6.40825, 6.4085, 6.40875, 6.409, 6.40925, 6.4095, 6.40975, 6.41, 6.41025, 6.4105, 6.41075, 6.411, 6.41125, 6.4115, 6.41175, 
6.412, 6.41225, 6.4125, 6.41275, 6.413, 6.41325, 6.4135, 6.41375, 6.414, 6.41425, 6.4145, 6.41475, 6.415, 6.41525, 6.4155, 6.41575, 
6.416, 6.41625, 6.4165, 6.41675, 6.417, 6.41725, 6.4175, 6.41775, 6.418, 6.41825, 6.4185, 6.41875, 6.419, 6.41925, 6.4195, 6.41975, 
6.42, 6.42025, 6.4205, 6.42075, 6.421, 6.42125, 6.4215, 6.42175, 6.422, 6.42225, 6.4225, 6.42275, 6.423, 6.42325, 6.4235, 6.42375, 
6.424, 6.42425, 6.4245, 6.42475, 6.425, 6.42525, 6.4255, 6.42575, 6.426, 6.42625, 6.4265, 6.42675, 6.427, 6.42725, 6.4275, 6.42775, 
6.428, 6.42825, 6.4285, 6.42875, 6.429, 6.42925, 6.4295, 6.42975, 6.43, 6.43025, 6.4305, 6.43075, 6.431, 6.43125, 6.4315, 6.43175, 
6.432, 6.43225, 6.4325, 6.43275, 6.433, 6.43325, 6.4335, 6.43375, 6.434, 6.43425, 6.4345, 6.43475, 6.435, 6.43525, 6.4355, 6.43575, 
6.436, 6.43625, 6.4365, 6.43675, 6.437, 6.43725, 6.4375, 6.43775, 6.438, 6.43825, 6.4385, 6.43875, 6.439, 6.43925, 6.4395, 6.43975, 
6.44, 6.44025, 6.4405, 6.44075, 6.441, 6.44125, 6.4415, 6.44175, 6.442, 6.44225, 6.4425, 6.44275, 6.443, 6.44325, 6.4435, 6.44375, 
6.444, 6.44425, 6.4445, 6.44475, 6.445, 6.44525, 6.4455, 6.44575, 6.446, 6.44625, 6.4465, 6.44675, 6.447, 6.44725, 6.4475, 6.44775, 
6.448, 6.44825, 6.4485, 6.44875, 6.449, 6.44925, 6.4495, 6.44975, 6.45, 6.45025, 6.4505, 6.45075, 6.451, 6.45125, 6.4515, 6.45175, 
6.452, 6.45225, 6.4525, 6.45275, 6.453, 6.45325, 6.4535, 6.45375, 6.454, 6.45425, 6.4545, 6.45475, 6.455, 6.45525, 6.4555, 6.45575, 
6.456, 6.45625, 6.4565, 6.45675, 6.457, 6.45725, 6.4575, 6.45775, 6.458, 6.45825, 6.4585, 6.45875, 6.459, 6.45925, 6.4595, 6.45975, 
6.46, 6.46025, 6.4605, 6.46075, 6.461, 6.46125, 6.4615, 6.46175, 6.462, 6.46225, 6.4625, 6.46275, 6.463, 6.46325, 6.4635, 6.46375, 
6.464, 6.46425, 6.4645, 6.46475, 6.465, 6.46525, 6.4655, 6.46575, 6.466, 6.46625, 6.4665, 6.46675, 6.467, 6.46725, 6.4675, 6.46775, 
6.468, 6.46825, 6.4685, 6.46875, 6.469, 6.46925, 6.4695, 6.46975, 6.47, 6.47025, 6.4705, 6.47075, 6.471, 6.47125, 6.4715, 6.47175, 
6.472, 6.47225, 6.4725, 6.47275, 6.473, 6.47325, 6.4735, 6.47375, 6.474, 6.47425, 6.4745, 6.47475, 6.475, 6.47525, 6.4755, 6.47575, 
6.476, 6.47625, 6.4765, 6.47675, 6.477, 6.47725, 6.4775, 6.47775, 6.478, 6.47825, 6.4785, 6.47875, 6.479, 6.47925, 6.4795, 6.47975, 
6.48, 6.48025, 6.4805, 6.48075, 6.481, 6.48125, 6.4815, 6.48175, 6.482, 6.48225, 6.4825, 6.48275, 6.483, 6.48325, 6.4835, 6.48375, 
6.484, 6.48425, 6.4845, 6.48475, 6.485, 6.48525, 6.4855, 6.48575, 6.486, 6.48625, 6.4865, 6.48675, 6.487, 6.48725, 6.4875, 6.48775, 
6.488, 6.48825, 6.4885, 6.48875, 6.489, 6.48925, 6.4895, 6.48975, 6.49, 6.49025, 6.4905, 6.49075, 6.491, 6.49125, 6.4915, 6.49175, 
6.492, 6.49225, 6.4925, 6.49275, 6.493, 6.49325, 6.4935, 6.49375, 6.494, 6.49425, 6.4945, 6.49475, 6.495, 6.49525, 6.4955, 6.49575, 
6.496, 6.49625, 6.4965, 6.49675, 6.497, 6.49725, 6.4975, 6.49775, 6.498, 6.49825, 6.4985, 6.49875, 6.499, 6.49925, 6.4995, 6.49975, 
6.5, 6.50025, 6.5005, 6.50075, 6.501, 6.50125, 6.5015, 6.50175, 6.502, 6.50225, 6.5025, 6.50275, 6.503, 6.50325, 6.5035, 6.50375, 
6.504, 6.50425, 6.5045, 6.50475, 6.505, 6.50525, 6.5055, 6.50575, 6.506, 6.50625, 6.5065, 6.50675, 6.507, 6.50725, 6.5075, 6.50775, 
6.508, 6.50825, 6.5085, 6.50875, 6.509, 6.50925, 6.5095, 6.50975, 6.51, 6.51025, 6.5105, 6.51075, 6.511, 6.51125, 6.5115, 6.51175, 
6.512, 6.51225, 6.5125, 6.51275, 6.513, 6.51325, 6.5135, 6.51375, 6.514, 6.51425, 6.5145, 6.51475, 6.515, 6.51525, 6.5155, 6.51575, 
6.516, 6.51625, 6.5165, 6.51675, 6.517, 6.51725, 6.5175, 6.51775, 6.518, 6.51825, 6.5185, 6.51875, 6.519, 6.51925, 6.5195, 6.51975, 
6.52, 6.52025, 6.5205, 6.52075, 6.521, 6.52125, 6.5215, 6.52175, 6.522, 6.52225, 6.5225, 6.52275, 6.523, 6.52325, 6.5235, 6.52375, 
6.524, 6.52425, 6.5245, 6.52475, 6.525, 6.52525, 6.5255, 6.52575, 6.526, 6.52625, 6.5265, 6.52675, 6.527, 6.52725, 6.5275, 6.52775, 
6.528, 6.52825, 6.5285, 6.52875, 6.529, 6.52925, 6.5295, 6.52975, 6.53, 6.53025, 6.5305, 6.53075, 6.531, 6.53125, 6.5315, 6.53175, 
6.532, 6.53225, 6.5325, 6.53275, 6.533, 6.53325, 6.5335, 6.53375, 6.534, 6.53425, 6.5345, 6.53475, 6.535, 6.53525, 6.5355, 6.53575, 
6.536, 6.53625, 6.5365, 6.53675, 6.537, 6.53725, 6.5375, 6.53775, 6.538, 6.53825, 6.5385, 6.53875, 6.539, 6.53925, 6.5395, 6.53975, 
6.54, 6.54025, 6.5405, 6.54075, 6.541, 6.54125, 6.5415, 6.54175, 6.542, 6.54225, 6.5425, 6.54275, 6.543, 6.54325, 6.5435, 6.54375, 
6.544, 6.54425, 6.5445, 6.54475, 6.545, 6.54525, 6.5455, 6.54575, 6.546, 6.54625, 6.5465, 6.54675, 6.547, 6.54725, 6.5475, 6.54775, 
6.548, 6.54825, 6.5485, 6.54875, 6.549, 6.54925, 6.5495, 6.54975, 6.55, 6.55025, 6.5505, 6.55075, 6.551, 6.55125, 6.5515, 6.55175, 
6.552, 6.55225, 6.5525, 6.55275, 6.553, 6.55325, 6.5535, 6.55375, 6.554, 6.55425, 6.5545, 6.55475, 6.555, 6.55525, 6.5555, 6.55575, 
6.556, 6.55625, 6.5565, 6.55675, 6.557, 6.55725, 6.5575, 6.55775, 6.558, 6.55825, 6.5585, 6.55875, 6.559, 6.55925, 6.5595, 6.55975, 
6.56, 6.56025, 6.5605, 6.56075, 6.561, 6.56125, 6.5615, 6.56175, 6.562, 6.56225, 6.5625, 6.56275, 6.563, 6.56325, 6.5635, 6.56375, 
6.564, 6.56425, 6.5645, 6.56475, 6.565, 6.56525, 6.5655, 6.56575, 6.566, 6.56625, 6.5665, 6.56675, 6.567, 6.56725, 6.5675, 6.56775, 
6.568, 6.56825, 6.5685, 6.56875, 6.569, 6.56925, 6.5695, 6.56975, 6.57, 6.57025, 6.5705, 6.57075, 6.571, 6.57125, 6.5715, 6.57175, 
6.572, 6.57225, 6.5725, 6.57275, 6.573, 6.57325, 6.5735, 6.57375, 6.574, 6.57425, 6.5745, 6.57475, 6.575, 6.57525, 6.5755, 6.57575, 
6.576, 6.57625, 6.5765, 6.57675, 6.577, 6.57725, 6.5775, 6.57775, 6.578, 6.57825, 6.5785, 6.57875, 6.579, 6.57925, 6.5795, 6.57975, 
6.58, 6.58025, 6.5805, 6.58075, 6.581, 6.58125, 6.5815, 6.58175, 6.582, 6.58225, 6.5825, 6.58275, 6.583, 6.58325, 6.5835, 6.58375, 
6.584, 6.58425, 6.5845, 6.58475, 6.585, 6.58525, 6.5855, 6.58575, 6.586, 6.58625, 6.5865, 6.58675, 6.587, 6.58725, 6.5875, 6.58775, 
6.588, 6.58825, 6.5885, 6.58875, 6.589, 6.58925, 6.5895, 6.58975, 6.59, 6.59025, 6.5905, 6.59075, 6.591, 6.59125, 6.5915, 6.59175, 
6.592, 6.59225, 6.5925, 6.59275, 6.593, 6.59325, 6.5935, 6.59375, 6.594, 6.59425, 6.5945, 6.59475, 6.595, 6.59525, 6.5955, 6.59575, 
6.596, 6.59625, 6.5965, 6.59675, 6.597, 6.59725, 6.5975, 6.59775, 6.598, 6.59825, 6.5985, 6.59875, 6.599, 6.59925, 6.5995, 6.59975, 
6.6, 6.60025, 6.6005, 6.60075, 6.601, 6.60125, 6.6015, 6.60175, 6.602, 6.60225, 6.6025, 6.60275, 6.603, 6.60325, 6.6035, 6.60375, 
6.604, 6.60425, 6.6045, 6.60475, 6.605, 6.60525, 6.6055, 6.60575, 6.606, 6.60625, 6.6065, 6.60675, 6.607, 6.60725, 6.6075, 6.60775, 
6.608, 6.60825, 6.6085, 6.60875, 6.609, 6.60925, 6.6095, 6.60975, 6.61, 6.61025, 6.6105, 6.61075, 6.611, 6.61125, 6.6115, 6.61175, 
6.612, 6.61225, 6.6125, 6.61275, 6.613, 6.61325, 6.6135, 6.61375, 6.614, 6.61425, 6.6145, 6.61475, 6.615, 6.61525, 6.6155, 6.61575, 
6.616, 6.61625, 6.6165, 6.61675, 6.617, 6.61725, 6.6175, 6.61775, 6.618, 6.61825, 6.6185, 6.61875, 6.619, 6.61925, 6.6195, 6.61975, 
6.62, 6.62025, 6.6205, 6.62075, 6.621, 6.62125, 6.6215, 6.62175, 6.622, 6.62225, 6.6225, 6.62275, 6.623, 6.62325, 6.6235, 6.62375, 
6.624, 6.62425, 6.6245, 6.62475, 6.625, 6.62525, 6.6255, 6.62575, 6.626, 6.62625, 6.6265, 6.62675, 6.627, 6.62725, 6.6275, 6.62775, 
6.628, 6.62825, 6.6285, 6.62875, 6.629, 6.62925, 6.6295, 6.62975, 6.63, 6.63025, 6.6305, 6.63075, 6.631, 6.63125, 6.6315, 6.63175, 
6.632, 6.63225, 6.6325, 6.63275, 6.633, 6.63325, 6.6335, 6.63375, 6.634, 6.63425, 6.6345, 6.63475, 6.635, 6.63525, 6.6355, 6.63575, 
6.636, 6.63625, 6.6365, 6.63675, 6.637, 6.63725, 6.6375, 6.63775, 6.638, 6.63825, 6.6385, 6.63875, 6.639, 6.63925, 6.6395, 6.63975, 
6.64, 6.64025, 6.6405, 6.64075, 6.641, 6.64125, 6.6415, 6.64175, 6.642, 6.64225, 6.6425, 6.64275, 6.643, 6.64325, 6.6435, 6.64375, 
6.644, 6.64425, 6.6445, 6.64475, 6.645, 6.64525, 6.6455, 6.64575, 6.646, 6.64625, 6.6465, 6.64675, 6.647, 6.64725, 6.6475, 6.64775, 
6.648, 6.64825, 6.6485, 6.64875, 6.649, 6.64925, 6.6495, 6.64975, 6.65, 6.65025, 6.6505, 6.65075, 6.651, 6.65125, 6.6515, 6.65175, 
6.652, 6.65225, 6.6525, 6.65275, 6.653, 6.65325, 6.6535, 6.65375, 6.654, 6.65425, 6.6545, 6.65475, 6.655, 6.65525, 6.6555, 6.65575, 
6.656, 6.65625, 6.6565, 6.65675, 6.657, 6.65725, 6.6575, 6.65775, 6.658, 6.65825, 6.6585, 6.65875, 6.659, 6.65925, 6.6595, 6.65975, 
6.66, 6.66025, 6.6605, 6.66075, 6.661, 6.66125, 6.6615, 6.66175, 6.662, 6.66225, 6.6625, 6.66275, 6.663, 6.66325, 6.6635, 6.66375, 
6.664, 6.66425, 6.6645, 6.66475, 6.665, 6.66525, 6.6655, 6.66575, 6.666, 6.66625, 6.6665, 6.66675, 6.667, 6.66725, 6.6675, 6.66775, 
6.668, 6.66825, 6.6685, 6.66875, 6.669, 6.66925, 6.6695, 6.66975, 6.67, 6.67025, 6.6705, 6.67075, 6.671, 6.67125, 6.6715, 6.67175, 
6.672, 6.67225, 6.6725, 6.67275, 6.673, 6.67325, 6.6735, 6.67375, 6.674, 6.67425, 6.6745, 6.67475, 6.675, 6.67525, 6.6755, 6.67575, 
6.676, 6.67625, 6.6765, 6.67675, 6.677, 6.67725, 6.6775, 6.67775, 6.678, 6.67825, 6.6785, 6.67875, 6.679, 6.67925, 6.6795, 6.67975, 
6.68, 6.68025, 6.6805, 6.68075, 6.681, 6.68125, 6.6815, 6.68175, 6.682, 6.68225, 6.6825, 6.68275, 6.683, 6.68325, 6.6835, 6.68375, 
6.684, 6.68425, 6.6845, 6.68475, 6.685, 6.68525, 6.6855, 6.68575, 6.686, 6.68625, 6.6865, 6.68675, 6.687, 6.68725, 6.6875, 6.68775, 
6.688, 6.68825, 6.6885, 6.68875, 6.689, 6.68925, 6.6895, 6.68975, 6.69, 6.69025, 6.6905, 6.69075, 6.691, 6.69125, 6.6915, 6.69175, 
6.692, 6.69225, 6.6925, 6.69275, 6.693, 6.69325, 6.6935, 6.69375, 6.694, 6.69425, 6.6945, 6.69475, 6.695, 6.69525, 6.6955, 6.69575, 
6.696, 6.69625, 6.6965, 6.69675, 6.697, 6.69725, 6.6975, 6.69775, 6.698, 6.69825, 6.6985, 6.69875, 6.699, 6.69925, 6.6995, 6.69975, 
6.7, 6.70025, 6.7005, 6.70075, 6.701, 6.70125, 6.7015, 6.70175, 6.702, 6.70225, 6.7025, 6.70275, 6.703, 6.70325, 6.7035, 6.70375, 
6.704, 6.70425, 6.7045, 6.70475, 6.705, 6.70525, 6.7055, 6.70575, 6.706, 6.70625, 6.7065, 6.70675, 6.707, 6.70725, 6.7075, 6.70775, 
6.708, 6.70825, 6.7085, 6.70875, 6.709, 6.70925, 6.7095, 6.70975, 6.71, 6.71025, 6.7105, 6.71075, 6.711, 6.71125, 6.7115, 6.71175, 
6.712, 6.71225, 6.7125, 6.71275, 6.713, 6.71325, 6.7135, 6.71375, 6.714, 6.71425, 6.7145, 6.71475, 6.715, 6.71525, 6.7155, 6.71575, 
6.716, 6.71625, 6.7165, 6.71675, 6.717, 6.71725, 6.7175, 6.71775, 6.718, 6.71825, 6.7185, 6.71875, 6.719, 6.71925, 6.7195, 6.71975, 
6.72, 6.72025, 6.7205, 6.72075, 6.721, 6.72125, 6.7215, 6.72175, 6.722, 6.72225, 6.7225, 6.72275, 6.723, 6.72325, 6.7235, 6.72375, 
6.724, 6.72425, 6.7245, 6.72475, 6.725, 6.72525, 6.7255, 6.72575, 6.726, 6.72625, 6.7265, 6.72675, 6.727, 6.72725, 6.7275, 6.72775, 
6.728, 6.72825, 6.7285, 6.72875, 6.729, 6.72925, 6.7295, 6.72975, 6.73, 6.73025, 6.7305, 6.73075, 6.731, 6.73125, 6.7315, 6.73175, 
6.732, 6.73225, 6.7325, 6.73275, 6.733, 6.73325, 6.7335, 6.73375, 6.734, 6.73425, 6.7345, 6.73475, 6.735, 6.73525, 6.7355, 6.73575, 
6.736, 6.73625, 6.7365, 6.73675, 6.737, 6.73725, 6.7375, 6.73775, 6.738, 6.73825, 6.7385, 6.73875, 6.739, 6.73925, 6.7395, 6.73975, 
6.74, 6.74025, 6.7405, 6.74075, 6.741, 6.74125, 6.7415, 6.74175, 6.742, 6.74225, 6.7425, 6.74275, 6.743, 6.74325, 6.7435, 6.74375, 
6.744, 6.74425, 6.7445, 6.74475, 6.745, 6.74525, 6.7455, 6.74575, 6.746, 6.74625, 6.7465, 6.74675, 6.747, 6.74725, 6.7475, 6.74775, 
6.748, 6.74825, 6.7485, 6.74875, 6.749, 6.74925, 6.7495, 6.74975, 6.75, 6.75025, 6.7505, 6.75075, 6.751, 6.75125, 6.7515, 6.75175, 
6.752, 6.75225, 6.7525, 6.75275, 6.753, 6.75325, 6.7535, 6.75375, 6.754, 6.75425, 6.7545, 6.75475, 6.755, 6.75525, 6.7555, 6.75575, 
6.756, 6.75625, 6.7565, 6.75675, 6.757, 6.75725, 6.7575, 6.75775, 6.758, 6.75825, 6.7585, 6.75875, 6.759, 6.75925, 6.7595, 6.75975, 
6.76, 6.76025, 6.7605, 6.76075, 6.761, 6.76125, 6.7615, 6.76175, 6.762, 6.76225, 6.7625, 6.76275, 6.763, 6.76325, 6.7635, 6.76375, 
6.764, 6.76425, 6.7645, 6.76475, 6.765, 6.76525, 6.7655, 6.76575, 6.766, 6.76625, 6.7665, 6.76675, 6.767, 6.76725, 6.7675, 6.76775, 
6.768, 6.76825, 6.7685, 6.76875, 6.769, 6.76925, 6.7695, 6.76975, 6.77, 6.77025, 6.7705, 6.77075, 6.771, 6.77125, 6.7715, 6.77175, 
6.772, 6.77225, 6.7725, 6.77275, 6.773, 6.77325, 6.7735, 6.77375, 6.774, 6.77425, 6.7745, 6.77475, 6.775, 6.77525, 6.7755, 6.77575, 
6.776, 6.77625, 6.7765, 6.77675, 6.777, 6.77725, 6.7775, 6.77775, 6.778, 6.77825, 6.7785, 6.77875, 6.779, 6.77925, 6.7795, 6.77975, 
6.78, 6.78025, 6.7805, 6.78075, 6.781, 6.78125, 6.7815, 6.78175, 6.782, 6.78225, 6.7825, 6.78275, 6.783, 6.78325, 6.7835, 6.78375, 
6.784, 6.78425, 6.7845, 6.78475, 6.785, 6.78525, 6.7855, 6.78575, 6.786, 6.78625, 6.7865, 6.78675, 6.787, 6.78725, 6.7875, 6.78775, 
6.788, 6.78825, 6.7885, 6.78875, 6.789, 6.78925, 6.7895, 6.78975, 6.79, 6.79025, 6.7905, 6.79075, 6.791, 6.79125, 6.7915, 6.79175, 
6.792, 6.79225, 6.7925, 6.79275, 6.793, 6.79325, 6.7935, 6.79375, 6.794, 6.79425, 6.7945, 6.79475, 6.795, 6.79525, 6.7955, 6.79575, 
6.796, 6.79625, 6.7965, 6.79675, 6.797, 6.79725, 6.7975, 6.79775, 6.798, 6.79825, 6.7985, 6.79875, 6.799, 6.79925, 6.7995, 6.79975, 
6.8, 6.80025, 6.8005, 6.80075, 6.801, 6.80125, 6.8015, 6.80175, 6.802, 6.80225, 6.8025, 6.80275, 6.803, 6.80325, 6.8035, 6.80375, 
6.804, 6.80425, 6.8045, 6.80475, 6.805, 6.80525, 6.8055, 6.80575, 6.806, 6.80625, 6.8065, 6.80675, 6.807, 6.80725, 6.8075, 6.80775, 
6.808, 6.80825, 6.8085, 6.80875, 6.809, 6.80925, 6.8095, 6.80975, 6.81, 6.81025, 6.8105, 6.81075, 6.811, 6.81125, 6.8115, 6.81175, 
6.812, 6.81225, 6.8125, 6.81275, 6.813, 6.81325, 6.8135, 6.81375, 6.814, 6.81425, 6.8145, 6.81475, 6.815, 6.81525, 6.8155, 6.81575, 
6.816, 6.81625, 6.8165, 6.81675, 6.817, 6.81725, 6.8175, 6.81775, 6.818, 6.81825, 6.8185, 6.81875, 6.819, 6.81925, 6.8195, 6.81975, 
6.82, 6.82025, 6.8205, 6.82075, 6.821, 6.82125, 6.8215, 6.82175, 6.822, 6.82225, 6.8225, 6.82275, 6.823, 6.82325, 6.8235, 6.82375, 
6.824, 6.82425, 6.8245, 6.82475, 6.825, 6.82525, 6.8255, 6.82575, 6.826, 6.82625, 6.8265, 6.82675, 6.827, 6.82725, 6.8275, 6.82775, 
6.828, 6.82825, 6.8285, 6.82875, 6.829, 6.82925, 6.8295, 6.82975, 6.83, 6.83025, 6.8305, 6.83075, 6.831, 6.83125, 6.8315, 6.83175, 
6.832, 6.83225, 6.8325, 6.83275, 6.833, 6.83325, 6.8335, 6.83375, 6.834, 6.83425, 6.8345, 6.83475, 6.835, 6.83525, 6.8355, 6.83575, 
6.836, 6.83625, 6.8365, 6.83675, 6.837, 6.83725, 6.8375, 6.83775, 6.838, 6.83825, 6.8385, 6.83875, 6.839, 6.83925, 6.8395, 6.83975, 
6.84, 6.84025, 6.8405, 6.84075, 6.841, 6.84125, 6.8415, 6.84175, 6.842, 6.84225, 6.8425, 6.84275, 6.843, 6.84325, 6.8435, 6.84375, 
6.844, 6.84425, 6.8445, 6.84475, 6.845, 6.84525, 6.8455, 6.84575, 6.846, 6.84625, 6.8465, 6.84675, 6.847, 6.84725, 6.8475, 6.84775, 
6.848, 6.84825, 6.8485, 6.84875, 6.849, 6.84925, 6.8495, 6.84975, 6.85, 6.85025, 6.8505, 6.85075, 6.851, 6.85125, 6.8515, 6.85175, 
6.852, 6.85225, 6.8525, 6.85275, 6.853, 6.85325, 6.8535, 6.85375, 6.854, 6.85425, 6.8545, 6.85475, 6.855, 6.85525, 6.8555, 6.85575, 
6.856, 6.85625, 6.8565, 6.85675, 6.857, 6.85725, 6.8575, 6.85775, 6.858, 6.85825, 6.8585, 6.85875, 6.859, 6.85925, 6.8595, 6.85975, 
6.86, 6.86025, 6.8605, 6.86075, 6.861, 6.86125, 6.8615, 6.86175, 6.862, 6.86225, 6.8625, 6.86275, 6.863, 6.86325, 6.8635, 6.86375, 
6.864, 6.86425, 6.8645, 6.86475, 6.865, 6.86525, 6.8655, 6.86575, 6.866, 6.86625, 6.8665, 6.86675, 6.867, 6.86725, 6.8675, 6.86775, 
6.868, 6.86825, 6.8685, 6.86875, 6.869, 6.86925, 6.8695, 6.86975, 6.87, 6.87025, 6.8705, 6.87075, 6.871, 6.87125, 6.8715, 6.87175, 
6.872, 6.87225, 6.8725, 6.87275, 6.873, 6.87325, 6.8735, 6.87375, 6.874, 6.87425, 6.8745, 6.87475, 6.875, 6.87525, 6.8755, 6.87575, 
6.876, 6.87625, 6.8765, 6.87675, 6.877, 6.87725, 6.8775, 6.87775, 6.878, 6.87825, 6.8785, 6.87875, 6.879, 6.87925, 6.8795, 6.87975, 
6.88, 6.88025, 6.8805, 6.88075, 6.881, 6.88125, 6.8815, 6.88175, 6.882, 6.88225, 6.8825, 6.88275, 6.883, 6.88325, 6.8835, 6.88375, 
6.884, 6.88425, 6.8845, 6.88475, 6.885, 6.88525, 6.8855, 6.88575, 6.886, 6.88625, 6.8865, 6.88675, 6.887, 6.88725, 6.8875, 6.88775, 
6.888, 6.88825, 6.8885, 6.88875, 6.889, 6.88925, 6.8895, 6.88975, 6.89, 6.89025, 6.8905, 6.89075, 6.891, 6.89125, 6.8915, 6.89175, 
6.892, 6.89225, 6.8925, 6.89275, 6.893, 6.89325, 6.8935, 6.89375, 6.894, 6.89425, 6.8945, 6.89475, 6.895, 6.89525, 6.8955, 6.89575, 
6.896, 6.89625, 6.8965, 6.89675, 6.897, 6.89725, 6.8975, 6.89775, 6.898, 6.89825, 6.8985, 6.89875, 6.899, 6.89925, 6.8995, 6.89975, 
6.9, 6.90025, 6.9005, 6.90075, 6.901, 6.90125, 6.9015, 6.90175, 6.902, 6.90225, 6.9025, 6.90275, 6.903, 6.90325, 6.9035, 6.90375, 
6.904, 6.90425, 6.9045, 6.90475, 6.905, 6.90525, 6.9055, 6.90575, 6.906, 6.90625, 6.9065, 6.90675, 6.907, 6.90725, 6.9075, 6.90775, 
6.908, 6.90825, 6.9085, 6.90875, 6.909, 6.90925, 6.9095, 6.90975, 6.91, 6.91025, 6.9105, 6.91075, 6.911, 6.91125, 6.9115, 6.91175, 
6.912, 6.91225, 6.9125, 6.91275, 6.913, 6.91325, 6.9135, 6.91375, 6.914, 6.91425, 6.9145, 6.91475, 6.915, 6.91525, 6.9155, 6.91575, 
6.916, 6.91625, 6.9165, 6.91675, 6.917, 6.91725, 6.9175, 6.91775, 6.918, 6.91825, 6.9185, 6.91875, 6.919, 6.91925, 6.9195, 6.91975, 
6.92, 6.92025, 6.9205, 6.92075, 6.921, 6.92125, 6.9215, 6.92175, 6.922, 6.92225, 6.9225, 6.92275, 6.923, 6.92325, 6.9235, 6.92375, 
6.924, 6.92425, 6.9245, 6.92475, 6.925, 6.92525, 6.9255, 6.92575, 6.926, 6.92625, 6.9265, 6.92675, 6.927, 6.92725, 6.9275, 6.92775, 
6.928, 6.92825, 6.9285, 6.92875, 6.929, 6.92925, 6.9295, 6.92975, 6.93, 6.93025, 6.9305, 6.93075, 6.931, 6.93125, 6.9315, 6.93175, 
6.932, 6.93225, 6.9325, 6.93275, 6.933, 6.93325, 6.9335, 6.93375, 6.934, 6.93425, 6.9345, 6.93475, 6.935, 6.93525, 6.9355, 6.93575, 
6.936, 6.93625, 6.9365, 6.93675, 6.937, 6.93725, 6.9375, 6.93775, 6.938, 6.93825, 6.9385, 6.93875, 6.939, 6.93925, 6.9395, 6.93975, 
6.94, 6.94025, 6.9405, 6.94075, 6.941, 6.94125, 6.9415, 6.94175, 6.942, 6.94225, 6.9425, 6.94275, 6.943, 6.94325, 6.9435, 6.94375, 
6.944, 6.94425, 6.9445, 6.94475, 6.945, 6.94525, 6.9455, 6.94575, 6.946, 6.94625, 6.9465, 6.94675, 6.947, 6.94725, 6.9475, 6.94775, 
6.948, 6.94825, 6.9485, 6.94875, 6.949, 6.94925, 6.9495, 6.94975, 6.95, 6.95025, 6.9505, 6.95075, 6.951, 6.95125, 6.9515, 6.95175, 
6.952, 6.95225, 6.9525, 6.95275, 6.953, 6.95325, 6.9535, 6.95375, 6.954, 6.95425, 6.9545, 6.95475, 6.955, 6.95525, 6.9555, 6.95575, 
6.956, 6.95625, 6.9565, 6.95675, 6.957, 6.95725, 6.9575, 6.95775, 6.958, 6.95825, 6.9585, 6.95875, 6.959, 6.95925, 6.9595, 6.95975, 
6.96, 6.96025, 6.9605, 6.96075, 6.961, 6.96125, 6.9615, 6.96175, 6.962, 6.96225, 6.9625, 6.96275, 6.963, 6.96325, 6.9635, 6.96375, 
6.964, 6.96425, 6.9645, 6.96475, 6.965, 6.96525, 6.9655, 6.96575, 6.966, 6.96625, 6.9665, 6.96675, 6.967, 6.96725, 6.9675, 6.96775, 
6.968, 6.96825, 6.9685, 6.96875, 6.969, 6.96925, 6.9695, 6.96975, 6.97, 6.97025, 6.9705, 6.97075, 6.971, 6.97125, 6.9715, 6.97175, 
6.972, 6.97225, 6.9725, 6.97275, 6.973, 6.97325, 6.9735, 6.97375, 6.974, 6.97425, 6.9745, 6.97475, 6.975, 6.97525, 6.9755, 6.97575, 
6.976, 6.97625, 6.9765, 6.97675, 6.977, 6.97725, 6.9775, 6.97775, 6.978, 6.97825, 6.9785, 6.97875, 6.979, 6.97925, 6.9795, 6.97975, 
6.98, 6.98025, 6.9805, 6.98075, 6.981, 6.98125, 6.9815, 6.98175, 6.982, 6.98225, 6.9825, 6.98275, 6.983, 6.98325, 6.9835, 6.98375, 
6.984, 6.98425, 6.9845, 6.98475, 6.985, 6.98525, 6.9855, 6.98575, 6.986, 6.98625, 6.9865, 6.98675, 6.987, 6.98725, 6.9875, 6.98775, 
6.988, 6.98825, 6.9885, 6.98875, 6.989, 6.98925, 6.9895, 6.98975, 6.99, 6.99025, 6.9905, 6.99075, 6.991, 6.99125, 6.9915, 6.99175, 
6.992, 6.99225, 6.9925, 6.99275, 6.993, 6.99325, 6.9935, 6.99375, 6.994, 6.99425, 6.9945, 6.99475, 6.995, 6.99525, 6.9955, 6.99575, 
6.996, 6.99625, 6.9965, 6.99675, 6.997, 6.99725, 6.9975, 6.99775, 6.998, 6.99825, 6.9985, 6.99875, 6.999, 6.99925, 6.9995, 6.99975, 
7, 7.00025, 7.0005, 7.00075, 7.001, 7.00125, 7.0015, 7.00175, 7.002, 7.00225, 7.0025, 7.00275, 7.003, 7.00325, 7.0035, 7.00375, 
7.004, 7.00425, 7.0045, 7.00475, 7.005, 7.00525, 7.0055, 7.00575, 7.006, 7.00625, 7.0065, 7.00675, 7.007, 7.00725, 7.0075, 7.00775, 
7.008, 7.00825, 7.0085, 7.00875, 7.009, 7.00925, 7.0095, 7.00975, 7.01, 7.01025, 7.0105, 7.01075, 7.011, 7.01125, 7.0115, 7.01175, 
7.012, 7.01225, 7.0125, 7.01275, 7.013, 7.01325, 7.0135, 7.01375, 7.014, 7.01425, 7.0145, 7.01475, 7.015, 7.01525, 7.0155, 7.01575, 
7.016, 7.01625, 7.0165, 7.01675, 7.017, 7.01725, 7.0175, 7.01775, 7.018, 7.01825, 7.0185, 7.01875, 7.019, 7.01925, 7.0195, 7.01975, 
7.02, 7.02025, 7.0205, 7.02075, 7.021, 7.02125, 7.0215, 7.02175, 7.022, 7.02225, 7.0225, 7.02275, 7.023, 7.02325, 7.0235, 7.02375, 
7.024, 7.02425, 7.0245, 7.02475, 7.025, 7.02525, 7.0255, 7.02575, 7.026, 7.02625, 7.0265, 7.02675, 7.027, 7.02725, 7.0275, 7.02775, 
7.028, 7.02825, 7.0285, 7.02875, 7.029, 7.02925, 7.0295, 7.02975, 7.03, 7.03025, 7.0305, 7.03075, 7.031, 7.03125, 7.0315, 7.03175, 
7.032, 7.03225, 7.0325, 7.03275, 7.033, 7.03325, 7.0335, 7.03375, 7.034, 7.03425, 7.0345, 7.03475, 7.035, 7.03525, 7.0355, 7.03575, 
7.036, 7.03625, 7.0365, 7.03675, 7.037, 7.03725, 7.0375, 7.03775, 7.038, 7.03825, 7.0385, 7.03875, 7.039, 7.03925, 7.0395, 7.03975, 
7.04, 7.04025, 7.0405, 7.04075, 7.041, 7.04125, 7.0415, 7.04175, 7.042, 7.04225, 7.0425, 7.04275, 7.043, 7.04325, 7.0435, 7.04375, 
7.044, 7.04425, 7.0445, 7.04475, 7.045, 7.04525, 7.0455, 7.04575, 7.046, 7.04625, 7.0465, 7.04675, 7.047, 7.04725, 7.0475, 7.04775, 
7.048, 7.04825, 7.0485, 7.04875, 7.049, 7.04925, 7.0495, 7.04975, 7.05, 7.05025, 7.0505, 7.05075, 7.051, 7.05125, 7.0515, 7.05175, 
7.052, 7.05225, 7.0525, 7.05275, 7.053, 7.05325, 7.0535, 7.05375, 7.054, 7.05425, 7.0545, 7.05475, 7.055, 7.05525, 7.0555, 7.05575, 
7.056, 7.05625, 7.0565, 7.05675, 7.057, 7.05725, 7.0575, 7.05775, 7.058, 7.05825, 7.0585, 7.05875, 7.059, 7.05925, 7.0595, 7.05975, 
7.06, 7.06025, 7.0605, 7.06075, 7.061, 7.06125, 7.0615, 7.06175, 7.062, 7.06225, 7.0625, 7.06275, 7.063, 7.06325, 7.0635, 7.06375, 
7.064, 7.06425, 7.0645, 7.06475, 7.065, 7.06525, 7.0655, 7.06575, 7.066, 7.06625, 7.0665, 7.06675, 7.067, 7.06725, 7.0675, 7.06775, 
7.068, 7.06825, 7.0685, 7.06875, 7.069, 7.06925, 7.0695, 7.06975, 7.07, 7.07025, 7.0705, 7.07075, 7.071, 7.07125, 7.0715, 7.07175, 
7.072, 7.07225, 7.0725, 7.07275, 7.073, 7.07325, 7.0735, 7.07375, 7.074, 7.07425, 7.0745, 7.07475, 7.075, 7.07525, 7.0755, 7.07575, 
7.076, 7.07625, 7.0765, 7.07675, 7.077, 7.07725, 7.0775, 7.07775, 7.078, 7.07825, 7.0785, 7.07875, 7.079, 7.07925, 7.0795, 7.07975, 
7.08, 7.08025, 7.0805, 7.08075, 7.081, 7.08125, 7.0815, 7.08175, 7.082, 7.08225, 7.0825, 7.08275, 7.083, 7.08325, 7.0835, 7.08375, 
7.084, 7.08425, 7.0845, 7.08475, 7.085, 7.08525, 7.0855, 7.08575, 7.086, 7.08625, 7.0865, 7.08675, 7.087, 7.08725, 7.0875, 7.08775, 
7.088, 7.08825, 7.0885, 7.08875, 7.089, 7.08925, 7.0895, 7.08975, 7.09, 7.09025, 7.0905, 7.09075, 7.091, 7.09125, 7.0915, 7.09175, 
7.092, 7.09225, 7.0925, 7.09275, 7.093, 7.09325, 7.0935, 7.09375, 7.094, 7.09425, 7.0945, 7.09475, 7.095, 7.09525, 7.0955, 7.09575, 
7.096, 7.09625, 7.0965, 7.09675, 7.097, 7.09725, 7.0975, 7.09775, 7.098, 7.09825, 7.0985, 7.09875, 7.099, 7.09925, 7.0995, 7.09975, 
7.1, 7.10025, 7.1005, 7.10075, 7.101, 7.10125, 7.1015, 7.10175, 7.102, 7.10225, 7.1025, 7.10275, 7.103, 7.10325, 7.1035, 7.10375, 
7.104, 7.10425, 7.1045, 7.10475, 7.105, 7.10525, 7.1055, 7.10575, 7.106, 7.10625, 7.1065, 7.10675, 7.107, 7.10725, 7.1075, 7.10775, 
7.108, 7.10825, 7.1085, 7.10875, 7.109, 7.10925, 7.1095, 7.10975, 7.11, 7.11025, 7.1105, 7.11075, 7.111, 7.11125, 7.1115, 7.11175, 
7.112, 7.11225, 7.1125, 7.11275, 7.113, 7.11325, 7.1135, 7.11375, 7.114, 7.11425, 7.1145, 7.11475, 7.115, 7.11525, 7.1155, 7.11575, 
7.116, 7.11625, 7.1165, 7.11675, 7.117, 7.11725, 7.1175, 7.11775, 7.118, 7.11825, 7.1185, 7.11875, 7.119, 7.11925, 7.1195, 7.11975, 
7.12, 7.12025, 7.1205, 7.12075, 7.121, 7.12125, 7.1215, 7.12175, 7.122, 7.12225, 7.1225, 7.12275, 7.123, 7.12325, 7.1235, 7.12375, 
7.124, 7.12425, 7.1245, 7.12475, 7.125, 7.12525, 7.1255, 7.12575, 7.126, 7.12625, 7.1265, 7.12675, 7.127, 7.12725, 7.1275, 7.12775, 
7.128, 7.12825, 7.1285, 7.12875, 7.129, 7.12925, 7.1295, 7.12975, 7.13, 7.13025, 7.1305, 7.13075, 7.131, 7.13125, 7.1315, 7.13175, 
7.132, 7.13225, 7.1325, 7.13275, 7.133, 7.13325, 7.1335, 7.13375, 7.134, 7.13425, 7.1345, 7.13475, 7.135, 7.13525, 7.1355, 7.13575, 
7.136, 7.13625, 7.1365, 7.13675, 7.137, 7.13725, 7.1375, 7.13775, 7.138, 7.13825, 7.1385, 7.13875, 7.139, 7.13925, 7.1395, 7.13975, 
7.14, 7.14025, 7.1405, 7.14075, 7.141, 7.14125, 7.1415, 7.14175, 7.142, 7.14225, 7.1425, 7.14275, 7.143, 7.14325, 7.1435, 7.14375, 
7.144, 7.14425, 7.1445, 7.14475, 7.145, 7.14525, 7.1455, 7.14575, 7.146, 7.14625, 7.1465, 7.14675, 7.147, 7.14725, 7.1475, 7.14775, 
7.148, 7.14825, 7.1485, 7.14875, 7.149, 7.14925, 7.1495, 7.14975, 7.15, 7.15025, 7.1505, 7.15075, 7.151, 7.15125, 7.1515, 7.15175, 
7.152, 7.15225, 7.1525, 7.15275, 7.153, 7.15325, 7.1535, 7.15375, 7.154, 7.15425, 7.1545, 7.15475, 7.155, 7.15525, 7.1555, 7.15575, 
7.156, 7.15625, 7.1565, 7.15675, 7.157, 7.15725, 7.1575, 7.15775, 7.158, 7.15825, 7.1585, 7.15875, 7.159, 7.15925, 7.1595, 7.15975, 
7.16, 7.16025, 7.1605, 7.16075, 7.161, 7.16125, 7.1615, 7.16175, 7.162, 7.16225, 7.1625, 7.16275, 7.163, 7.16325, 7.1635, 7.16375, 
7.164, 7.16425, 7.1645, 7.16475, 7.165, 7.16525, 7.1655, 7.16575, 7.166, 7.16625, 7.1665, 7.16675, 7.167, 7.16725, 7.1675, 7.16775, 
7.168, 7.16825, 7.1685, 7.16875, 7.169, 7.16925, 7.1695, 7.16975, 7.17, 7.17025, 7.1705, 7.17075, 7.171, 7.17125, 7.1715, 7.17175, 
7.172, 7.17225, 7.1725, 7.17275, 7.173, 7.17325, 7.1735, 7.17375, 7.174, 7.17425, 7.1745, 7.17475, 7.175, 7.17525, 7.1755, 7.17575, 
7.176, 7.17625, 7.1765, 7.17675, 7.177, 7.17725, 7.1775, 7.17775, 7.178, 7.17825, 7.1785, 7.17875, 7.179, 7.17925, 7.1795, 7.17975, 
7.18, 7.18025, 7.1805, 7.18075, 7.181, 7.18125, 7.1815, 7.18175, 7.182, 7.18225, 7.1825, 7.18275, 7.183, 7.18325, 7.1835, 7.18375, 
7.184, 7.18425, 7.1845, 7.18475, 7.185, 7.18525, 7.1855, 7.18575, 7.186, 7.18625, 7.1865, 7.18675, 7.187, 7.18725, 7.1875, 7.18775, 
7.188, 7.18825, 7.1885, 7.18875, 7.189, 7.18925, 7.1895, 7.18975, 7.19, 7.19025, 7.1905, 7.19075, 7.191, 7.19125, 7.1915, 7.19175, 
7.192, 7.19225, 7.1925, 7.19275, 7.193, 7.19325, 7.1935, 7.19375, 7.194, 7.19425, 7.1945, 7.19475, 7.195, 7.19525, 7.1955, 7.19575, 
7.196, 7.19625, 7.1965, 7.19675, 7.197, 7.19725, 7.1975, 7.19775, 7.198, 7.19825, 7.1985, 7.19875, 7.199, 7.19925, 7.1995, 7.19975, 
7.2, 7.20025, 7.2005, 7.20075, 7.201, 7.20125, 7.2015, 7.20175, 7.202, 7.20225, 7.2025, 7.20275, 7.203, 7.20325, 7.2035, 7.20375, 
7.204, 7.20425, 7.2045, 7.20475, 7.205, 7.20525, 7.2055, 7.20575, 7.206, 7.20625, 7.2065, 7.20675, 7.207, 7.20725, 7.2075, 7.20775, 
7.208, 7.20825, 7.2085, 7.20875, 7.209, 7.20925, 7.2095, 7.20975, 7.21, 7.21025, 7.2105, 7.21075, 7.211, 7.21125, 7.2115, 7.21175, 
7.212, 7.21225, 7.2125, 7.21275, 7.213, 7.21325, 7.2135, 7.21375, 7.214, 7.21425, 7.2145, 7.21475, 7.215, 7.21525, 7.2155, 7.21575, 
7.216, 7.21625, 7.2165, 7.21675, 7.217, 7.21725, 7.2175, 7.21775, 7.218, 7.21825, 7.2185, 7.21875, 7.219, 7.21925, 7.2195, 7.21975, 
7.22, 7.22025, 7.2205, 7.22075, 7.221, 7.22125, 7.2215, 7.22175, 7.222, 7.22225, 7.2225, 7.22275, 7.223, 7.22325, 7.2235, 7.22375, 
7.224, 7.22425, 7.2245, 7.22475, 7.225, 7.22525, 7.2255, 7.22575, 7.226, 7.22625, 7.2265, 7.22675, 7.227, 7.22725, 7.2275, 7.22775, 
7.228, 7.22825, 7.2285, 7.22875, 7.229, 7.22925, 7.2295, 7.22975, 7.23, 7.23025, 7.2305, 7.23075, 7.231, 7.23125, 7.2315, 7.23175, 
7.232, 7.23225, 7.2325, 7.23275, 7.233, 7.23325, 7.2335, 7.23375, 7.234, 7.23425, 7.2345, 7.23475, 7.235, 7.23525, 7.2355, 7.23575, 
7.236, 7.23625, 7.2365, 7.23675, 7.237, 7.23725, 7.2375, 7.23775, 7.238, 7.23825, 7.2385, 7.23875, 7.239, 7.23925, 7.2395, 7.23975, 
7.24, 7.24025, 7.2405, 7.24075, 7.241, 7.24125, 7.2415, 7.24175, 7.242, 7.24225, 7.2425, 7.24275, 7.243, 7.24325, 7.2435, 7.24375, 
7.244, 7.24425, 7.2445, 7.24475, 7.245, 7.24525, 7.2455, 7.24575, 7.246, 7.24625, 7.2465, 7.24675, 7.247, 7.24725, 7.2475, 7.24775, 
7.248, 7.24825, 7.2485, 7.24875, 7.249, 7.24925, 7.2495, 7.24975, 7.25, 7.25025, 7.2505, 7.25075, 7.251, 7.25125, 7.2515, 7.25175, 
7.252, 7.25225, 7.2525, 7.25275, 7.253, 7.25325, 7.2535, 7.25375, 7.254, 7.25425, 7.2545, 7.25475, 7.255, 7.25525, 7.2555, 7.25575, 
7.256, 7.25625, 7.2565, 7.25675, 7.257, 7.25725, 7.2575, 7.25775, 7.258, 7.25825, 7.2585, 7.25875, 7.259, 7.25925, 7.2595, 7.25975, 
7.26, 7.26025, 7.2605, 7.26075, 7.261, 7.26125, 7.2615, 7.26175, 7.262, 7.26225, 7.2625, 7.26275, 7.263, 7.26325, 7.2635, 7.26375, 
7.264, 7.26425, 7.2645, 7.26475, 7.265, 7.26525, 7.2655, 7.26575, 7.266, 7.26625, 7.2665, 7.26675, 7.267, 7.26725, 7.2675, 7.26775, 
7.268, 7.26825, 7.2685, 7.26875, 7.269, 7.26925, 7.2695, 7.26975, 7.27, 7.27025, 7.2705, 7.27075, 7.271, 7.27125, 7.2715, 7.27175, 
7.272, 7.27225, 7.2725, 7.27275, 7.273, 7.27325, 7.2735, 7.27375, 7.274, 7.27425, 7.2745, 7.27475, 7.275, 7.27525, 7.2755, 7.27575, 
7.276, 7.27625, 7.2765, 7.27675, 7.277, 7.27725, 7.2775, 7.27775, 7.278, 7.27825, 7.2785, 7.27875, 7.279, 7.27925, 7.2795, 7.27975, 
7.28, 7.28025, 7.2805, 7.28075, 7.281, 7.28125, 7.2815, 7.28175, 7.282, 7.28225, 7.2825, 7.28275, 7.283, 7.28325, 7.2835, 7.28375, 
7.284, 7.28425, 7.2845, 7.28475, 7.285, 7.28525, 7.2855, 7.28575, 7.286, 7.28625, 7.2865, 7.28675, 7.287, 7.28725, 7.2875, 7.28775, 
7.288, 7.28825, 7.2885, 7.28875, 7.289, 7.28925, 7.2895, 7.28975, 7.29, 7.29025, 7.2905, 7.29075, 7.291, 7.29125, 7.2915, 7.29175, 
7.292, 7.29225, 7.2925, 7.29275, 7.293, 7.29325, 7.2935, 7.29375, 7.294, 7.29425, 7.2945, 7.29475, 7.295, 7.29525, 7.2955, 7.29575, 
7.296, 7.29625, 7.2965, 7.29675, 7.297, 7.29725, 7.2975, 7.29775, 7.298, 7.29825, 7.2985, 7.29875, 7.299, 7.29925, 7.2995, 7.29975, 
7.3, 7.30025, 7.3005, 7.30075, 7.301, 7.30125, 7.3015, 7.30175, 7.302, 7.30225, 7.3025, 7.30275, 7.303, 7.30325, 7.3035, 7.30375, 
7.304, 7.30425, 7.3045, 7.30475, 7.305, 7.30525, 7.3055, 7.30575, 7.306, 7.30625, 7.3065, 7.30675, 7.307, 7.30725, 7.3075, 7.30775, 
7.308, 7.30825, 7.3085, 7.30875, 7.309, 7.30925, 7.3095, 7.30975, 7.31, 7.31025, 7.3105, 7.31075, 7.311, 7.31125, 7.3115, 7.31175, 
7.312, 7.31225, 7.3125, 7.31275, 7.313, 7.31325, 7.3135, 7.31375, 7.314, 7.31425, 7.3145, 7.31475, 7.315, 7.31525, 7.3155, 7.31575, 
7.316, 7.31625, 7.3165, 7.31675, 7.317, 7.31725, 7.3175, 7.31775, 7.318, 7.31825, 7.3185, 7.31875, 7.319, 7.31925, 7.3195, 7.31975, 
7.32, 7.32025, 7.3205, 7.32075, 7.321, 7.32125, 7.3215, 7.32175, 7.322, 7.32225, 7.3225, 7.32275, 7.323, 7.32325, 7.3235, 7.32375, 
7.324, 7.32425, 7.3245, 7.32475, 7.325, 7.32525, 7.3255, 7.32575, 7.326, 7.32625, 7.3265, 7.32675, 7.327, 7.32725, 7.3275, 7.32775, 
7.328, 7.32825, 7.3285, 7.32875, 7.329, 7.32925, 7.3295, 7.32975, 7.33, 7.33025, 7.3305, 7.33075, 7.331, 7.33125, 7.3315, 7.33175, 
7.332, 7.33225, 7.3325, 7.33275, 7.333, 7.33325, 7.3335, 7.33375, 7.334, 7.33425, 7.3345, 7.33475, 7.335, 7.33525, 7.3355, 7.33575, 
7.336, 7.33625, 7.3365, 7.33675, 7.337, 7.33725, 7.3375, 7.33775, 7.338, 7.33825, 7.3385, 7.33875, 7.339, 7.33925, 7.3395, 7.33975, 
7.34, 7.34025, 7.3405, 7.34075, 7.341, 7.34125, 7.3415, 7.34175, 7.342, 7.34225, 7.3425, 7.34275, 7.343, 7.34325, 7.3435, 7.34375, 
7.344, 7.34425, 7.3445, 7.34475, 7.345, 7.34525, 7.3455, 7.34575, 7.346, 7.34625, 7.3465, 7.34675, 7.347, 7.34725, 7.3475, 7.34775, 
7.348, 7.34825, 7.3485, 7.34875, 7.349, 7.34925, 7.3495, 7.34975, 7.35, 7.35025, 7.3505, 7.35075, 7.351, 7.35125, 7.3515, 7.35175, 
7.352, 7.35225, 7.3525, 7.35275, 7.353, 7.35325, 7.3535, 7.35375, 7.354, 7.35425, 7.3545, 7.35475, 7.355, 7.35525, 7.3555, 7.35575, 
7.356, 7.35625, 7.3565, 7.35675, 7.357, 7.35725, 7.3575, 7.35775, 7.358, 7.35825, 7.3585, 7.35875, 7.359, 7.35925, 7.3595, 7.35975, 
7.36, 7.36025, 7.3605, 7.36075, 7.361, 7.36125, 7.3615, 7.36175, 7.362, 7.36225, 7.3625, 7.36275, 7.363, 7.36325, 7.3635, 7.36375, 
7.364, 7.36425, 7.3645, 7.36475, 7.365, 7.36525, 7.3655, 7.36575, 7.366, 7.36625, 7.3665, 7.36675, 7.367, 7.36725, 7.3675, 7.36775, 
7.368, 7.36825, 7.3685, 7.36875, 7.369, 7.36925, 7.3695, 7.36975, 7.37, 7.37025, 7.3705, 7.37075, 7.371, 7.37125, 7.3715, 7.37175, 
7.372, 7.37225, 7.3725, 7.37275, 7.373, 7.37325, 7.3735, 7.37375, 7.374, 7.37425, 7.3745, 7.37475, 7.375, 7.37525, 7.3755, 7.37575, 
7.376, 7.37625, 7.3765, 7.37675, 7.377, 7.37725, 7.3775, 7.37775, 7.378, 7.37825, 7.3785, 7.37875, 7.379, 7.37925, 7.3795, 7.37975, 
7.38, 7.38025, 7.3805, 7.38075, 7.381, 7.38125, 7.3815, 7.38175, 7.382, 7.38225, 7.3825, 7.38275, 7.383, 7.38325, 7.3835, 7.38375, 
7.384, 7.38425, 7.3845, 7.38475, 7.385, 7.38525, 7.3855, 7.38575, 7.386, 7.38625, 7.3865, 7.38675, 7.387, 7.38725, 7.3875, 7.38775, 
7.388, 7.38825, 7.3885, 7.38875, 7.389, 7.38925, 7.3895, 7.38975, 7.39, 7.39025, 7.3905, 7.39075, 7.391, 7.39125, 7.3915, 7.39175, 
7.392, 7.39225, 7.3925, 7.39275, 7.393, 7.39325, 7.3935, 7.39375, 7.394, 7.39425, 7.3945, 7.39475, 7.395, 7.39525, 7.3955, 7.39575, 
7.396, 7.39625, 7.3965, 7.39675, 7.397, 7.39725, 7.3975, 7.39775, 7.398, 7.39825, 7.3985, 7.39875, 7.399, 7.39925, 7.3995, 7.39975, 
7.4, 7.40025, 7.4005, 7.40075, 7.401, 7.40125, 7.4015, 7.40175, 7.402, 7.40225, 7.4025, 7.40275, 7.403, 7.40325, 7.4035, 7.40375, 
7.404, 7.40425, 7.4045, 7.40475, 7.405, 7.40525, 7.4055, 7.40575, 7.406, 7.40625, 7.4065, 7.40675, 7.407, 7.40725, 7.4075, 7.40775, 
7.408, 7.40825, 7.4085, 7.40875, 7.409, 7.40925, 7.4095, 7.40975, 7.41, 7.41025, 7.4105, 7.41075, 7.411, 7.41125, 7.4115, 7.41175, 
7.412, 7.41225, 7.4125, 7.41275, 7.413, 7.41325, 7.4135, 7.41375, 7.414, 7.41425, 7.4145, 7.41475, 7.415, 7.41525, 7.4155, 7.41575, 
7.416, 7.41625, 7.4165, 7.41675, 7.417, 7.41725, 7.4175, 7.41775, 7.418, 7.41825, 7.4185, 7.41875, 7.419, 7.41925, 7.4195, 7.41975, 
7.42, 7.42025, 7.4205, 7.42075, 7.421, 7.42125, 7.4215, 7.42175, 7.422, 7.42225, 7.4225, 7.42275, 7.423, 7.42325, 7.4235, 7.42375, 
7.424, 7.42425, 7.4245, 7.42475, 7.425, 7.42525, 7.4255, 7.42575, 7.426, 7.42625, 7.4265, 7.42675, 7.427, 7.42725, 7.4275, 7.42775, 
7.428, 7.42825, 7.4285, 7.42875, 7.429, 7.42925, 7.4295, 7.42975, 7.43, 7.43025, 7.4305, 7.43075, 7.431, 7.43125, 7.4315, 7.43175, 
7.432, 7.43225, 7.4325, 7.43275, 7.433, 7.43325, 7.4335, 7.43375, 7.434, 7.43425, 7.4345, 7.43475, 7.435, 7.43525, 7.4355, 7.43575, 
7.436, 7.43625, 7.4365, 7.43675, 7.437, 7.43725, 7.4375, 7.43775, 7.438, 7.43825, 7.4385, 7.43875, 7.439, 7.43925, 7.4395, 7.43975, 
7.44, 7.44025, 7.4405, 7.44075, 7.441, 7.44125, 7.4415, 7.44175, 7.442, 7.44225, 7.4425, 7.44275, 7.443, 7.44325, 7.4435, 7.44375, 
7.444, 7.44425, 7.4445, 7.44475, 7.445, 7.44525, 7.4455, 7.44575, 7.446, 7.44625, 7.4465, 7.44675, 7.447, 7.44725, 7.4475, 7.44775, 
7.448, 7.44825, 7.4485, 7.44875, 7.449, 7.44925, 7.4495, 7.44975, 7.45, 7.45025, 7.4505, 7.45075, 7.451, 7.45125, 7.4515, 7.45175, 
7.452, 7.45225, 7.4525, 7.45275, 7.453, 7.45325, 7.4535, 7.45375, 7.454, 7.45425, 7.4545, 7.45475, 7.455, 7.45525, 7.4555, 7.45575, 
7.456, 7.45625, 7.4565, 7.45675, 7.457, 7.45725, 7.4575, 7.45775, 7.458, 7.45825, 7.4585, 7.45875, 7.459, 7.45925, 7.4595, 7.45975, 
7.46, 7.46025, 7.4605, 7.46075, 7.461, 7.46125, 7.4615, 7.46175, 7.462, 7.46225, 7.4625, 7.46275, 7.463, 7.46325, 7.4635, 7.46375, 
7.464, 7.46425, 7.4645, 7.46475, 7.465, 7.46525, 7.4655, 7.46575, 7.466, 7.46625, 7.4665, 7.46675, 7.467, 7.46725, 7.4675, 7.46775, 
7.468, 7.46825, 7.4685, 7.46875, 7.469, 7.46925, 7.4695, 7.46975, 7.47, 7.47025, 7.4705, 7.47075, 7.471, 7.47125, 7.4715, 7.47175, 
7.472, 7.47225, 7.4725, 7.47275, 7.473, 7.47325, 7.4735, 7.47375, 7.474, 7.47425, 7.4745, 7.47475, 7.475, 7.47525, 7.4755, 7.47575, 
7.476, 7.47625, 7.4765, 7.47675, 7.477, 7.47725, 7.4775, 7.47775, 7.478, 7.47825, 7.4785, 7.47875, 7.479, 7.47925, 7.4795, 7.47975, 
7.48, 7.48025, 7.4805, 7.48075, 7.481, 7.48125, 7.4815, 7.48175, 7.482, 7.48225, 7.4825, 7.48275, 7.483, 7.48325, 7.4835, 7.48375, 
7.484, 7.48425, 7.4845, 7.48475, 7.485, 7.48525, 7.4855, 7.48575, 7.486, 7.48625, 7.4865, 7.48675, 7.487, 7.48725, 7.4875, 7.48775, 
7.488, 7.48825, 7.4885, 7.48875, 7.489, 7.48925, 7.4895, 7.48975, 7.49, 7.49025, 7.4905, 7.49075, 7.491, 7.49125, 7.4915, 7.49175, 
7.492, 7.49225, 7.4925, 7.49275, 7.493, 7.49325, 7.4935, 7.49375, 7.494, 7.49425, 7.4945, 7.49475, 7.495, 7.49525, 7.4955, 7.49575, 
7.496, 7.49625, 7.4965, 7.49675, 7.497, 7.49725, 7.4975, 7.49775, 7.498, 7.49825, 7.4985, 7.49875, 7.499, 7.49925, 7.4995, 7.49975, 
7.5, 7.50025, 7.5005, 7.50075, 7.501, 7.50125, 7.5015, 7.50175, 7.502, 7.50225, 7.5025, 7.50275, 7.503, 7.50325, 7.5035, 7.50375, 
7.504, 7.50425, 7.5045, 7.50475, 7.505, 7.50525, 7.5055, 7.50575, 7.506, 7.50625, 7.5065, 7.50675, 7.507, 7.50725, 7.5075, 7.50775, 
7.508, 7.50825, 7.5085, 7.50875, 7.509, 7.50925, 7.5095, 7.50975, 7.51, 7.51025, 7.5105, 7.51075, 7.511, 7.51125, 7.5115, 7.51175, 
7.512, 7.51225, 7.5125, 7.51275, 7.513, 7.51325, 7.5135, 7.51375, 7.514, 7.51425, 7.5145, 7.51475, 7.515, 7.51525, 7.5155, 7.51575, 
7.516, 7.51625, 7.5165, 7.51675, 7.517, 7.51725, 7.5175, 7.51775, 7.518, 7.51825, 7.5185, 7.51875, 7.519, 7.51925, 7.5195, 7.51975, 
7.52, 7.52025, 7.5205, 7.52075, 7.521, 7.52125, 7.5215, 7.52175, 7.522, 7.52225, 7.5225, 7.52275, 7.523, 7.52325, 7.5235, 7.52375, 
7.524, 7.52425, 7.5245, 7.52475, 7.525, 7.52525, 7.5255, 7.52575, 7.526, 7.52625, 7.5265, 7.52675, 7.527, 7.52725, 7.5275, 7.52775, 
7.528, 7.52825, 7.5285, 7.52875, 7.529, 7.52925, 7.5295, 7.52975, 7.53, 7.53025, 7.5305, 7.53075, 7.531, 7.53125, 7.5315, 7.53175, 
7.532, 7.53225, 7.5325, 7.53275, 7.533, 7.53325, 7.5335, 7.53375, 7.534, 7.53425, 7.5345, 7.53475, 7.535, 7.53525, 7.5355, 7.53575, 
7.536, 7.53625, 7.5365, 7.53675, 7.537, 7.53725, 7.5375, 7.53775, 7.538, 7.53825, 7.5385, 7.53875, 7.539, 7.53925, 7.5395, 7.53975, 
7.54, 7.54025, 7.5405, 7.54075, 7.541, 7.54125, 7.5415, 7.54175, 7.542, 7.54225, 7.5425, 7.54275, 7.543, 7.54325, 7.5435, 7.54375, 
7.544, 7.54425, 7.5445, 7.54475, 7.545, 7.54525, 7.5455, 7.54575, 7.546, 7.54625, 7.5465, 7.54675, 7.547, 7.54725, 7.5475, 7.54775, 
7.548, 7.54825, 7.5485, 7.54875, 7.549, 7.54925, 7.5495, 7.54975, 7.55, 7.55025, 7.5505, 7.55075, 7.551, 7.55125, 7.5515, 7.55175, 
7.552, 7.55225, 7.5525, 7.55275, 7.553, 7.55325, 7.5535, 7.55375, 7.554, 7.55425, 7.5545, 7.55475, 7.555, 7.55525, 7.5555, 7.55575, 
7.556, 7.55625, 7.5565, 7.55675, 7.557, 7.55725, 7.5575, 7.55775, 7.558, 7.55825, 7.5585, 7.55875, 7.559, 7.55925, 7.5595, 7.55975, 
7.56, 7.56025, 7.5605, 7.56075, 7.561, 7.56125, 7.5615, 7.56175, 7.562, 7.56225, 7.5625, 7.56275, 7.563, 7.56325, 7.5635, 7.56375, 
7.564, 7.56425, 7.5645, 7.56475, 7.565, 7.56525, 7.5655, 7.56575, 7.566, 7.56625, 7.5665, 7.56675, 7.567, 7.56725, 7.5675, 7.56775, 
7.568, 7.56825, 7.5685, 7.56875, 7.569, 7.56925, 7.5695, 7.56975, 7.57, 7.57025, 7.5705, 7.57075, 7.571, 7.57125, 7.5715, 7.57175, 
7.572, 7.57225, 7.5725, 7.57275, 7.573, 7.57325, 7.5735, 7.57375, 7.574, 7.57425, 7.5745, 7.57475, 7.575, 7.57525, 7.5755, 7.57575, 
7.576, 7.57625, 7.5765, 7.57675, 7.577, 7.57725, 7.5775, 7.57775, 7.578, 7.57825, 7.5785, 7.57875, 7.579, 7.57925, 7.5795, 7.57975, 
7.58, 7.58025, 7.5805, 7.58075, 7.581, 7.58125, 7.5815, 7.58175, 7.582, 7.58225, 7.5825, 7.58275, 7.583, 7.58325, 7.5835, 7.58375, 
7.584, 7.58425, 7.5845, 7.58475, 7.585, 7.58525, 7.5855, 7.58575, 7.586, 7.58625, 7.5865, 7.58675, 7.587, 7.58725, 7.5875, 7.58775, 
7.588, 7.58825, 7.5885, 7.58875, 7.589, 7.58925, 7.5895, 7.58975, 7.59, 7.59025, 7.5905, 7.59075, 7.591, 7.59125, 7.5915, 7.59175, 
7.592, 7.59225, 7.5925, 7.59275, 7.593, 7.59325, 7.5935, 7.59375, 7.594, 7.59425, 7.5945, 7.59475, 7.595, 7.59525, 7.5955, 7.59575, 
7.596, 7.59625, 7.5965, 7.59675, 7.597, 7.59725, 7.5975, 7.59775, 7.598, 7.59825, 7.5985, 7.59875, 7.599, 7.59925, 7.5995, 7.59975, 
7.6, 7.60025, 7.6005, 7.60075, 7.601, 7.60125, 7.6015, 7.60175, 7.602, 7.60225, 7.6025, 7.60275, 7.603, 7.60325, 7.6035, 7.60375, 
7.604, 7.60425, 7.6045, 7.60475, 7.605, 7.60525, 7.6055, 7.60575, 7.606, 7.60625, 7.6065, 7.60675, 7.607, 7.60725, 7.6075, 7.60775, 
7.608, 7.60825, 7.6085, 7.60875, 7.609, 7.60925, 7.6095, 7.60975, 7.61, 7.61025, 7.6105, 7.61075, 7.611, 7.61125, 7.6115, 7.61175, 
7.612, 7.61225, 7.6125, 7.61275, 7.613, 7.61325, 7.6135, 7.61375, 7.614, 7.61425, 7.6145, 7.61475, 7.615, 7.61525, 7.6155, 7.61575, 
7.616, 7.61625, 7.6165, 7.61675, 7.617, 7.61725, 7.6175, 7.61775, 7.618, 7.61825, 7.6185, 7.61875, 7.619, 7.61925, 7.6195, 7.61975, 
7.62, 7.62025, 7.6205, 7.62075, 7.621, 7.62125, 7.6215, 7.62175, 7.622, 7.62225, 7.6225, 7.62275, 7.623, 7.62325, 7.6235, 7.62375, 
7.624, 7.62425, 7.6245, 7.62475, 7.625, 7.62525, 7.6255, 7.62575, 7.626, 7.62625, 7.6265, 7.62675, 7.627, 7.62725, 7.6275, 7.62775, 
7.628, 7.62825, 7.6285, 7.62875, 7.629, 7.62925, 7.6295, 7.62975, 7.63, 7.63025, 7.6305, 7.63075, 7.631, 7.63125, 7.6315, 7.63175, 
7.632, 7.63225, 7.6325, 7.63275, 7.633, 7.63325, 7.6335, 7.63375, 7.634, 7.63425, 7.6345, 7.63475, 7.635, 7.63525, 7.6355, 7.63575, 
7.636, 7.63625, 7.6365, 7.63675, 7.637, 7.63725, 7.6375, 7.63775, 7.638, 7.63825, 7.6385, 7.63875, 7.639, 7.63925, 7.6395, 7.63975, 
7.64, 7.64025, 7.6405, 7.64075, 7.641, 7.64125, 7.6415, 7.64175, 7.642, 7.64225, 7.6425, 7.64275, 7.643, 7.64325, 7.6435, 7.64375, 
7.644, 7.64425, 7.6445, 7.64475, 7.645, 7.64525, 7.6455, 7.64575, 7.646, 7.64625, 7.6465, 7.64675, 7.647, 7.64725, 7.6475, 7.64775, 
7.648, 7.64825, 7.6485, 7.64875, 7.649, 7.64925, 7.6495, 7.64975, 7.65, 7.65025, 7.6505, 7.65075, 7.651, 7.65125, 7.6515, 7.65175, 
7.652, 7.65225, 7.6525, 7.65275, 7.653, 7.65325, 7.6535, 7.65375, 7.654, 7.65425, 7.6545, 7.65475, 7.655, 7.65525, 7.6555, 7.65575, 
7.656, 7.65625, 7.6565, 7.65675, 7.657, 7.65725, 7.6575, 7.65775, 7.658, 7.65825, 7.6585, 7.65875, 7.659, 7.65925, 7.6595, 7.65975, 
7.66, 7.66025, 7.6605, 7.66075, 7.661, 7.66125, 7.6615, 7.66175, 7.662, 7.66225, 7.6625, 7.66275, 7.663, 7.66325, 7.6635, 7.66375, 
7.664, 7.66425, 7.6645, 7.66475, 7.665, 7.66525, 7.6655, 7.66575, 7.666, 7.66625, 7.6665, 7.66675, 7.667, 7.66725, 7.6675, 7.66775, 
7.668, 7.66825, 7.6685, 7.66875, 7.669, 7.66925, 7.6695, 7.66975, 7.67, 7.67025, 7.6705, 7.67075, 7.671, 7.67125, 7.6715, 7.67175, 
7.672, 7.67225, 7.6725, 7.67275, 7.673, 7.67325, 7.6735, 7.67375, 7.674, 7.67425, 7.6745, 7.67475, 7.675, 7.67525, 7.6755, 7.67575, 
7.676, 7.67625, 7.6765, 7.67675, 7.677, 7.67725, 7.6775, 7.67775, 7.678, 7.67825, 7.6785, 7.67875, 7.679, 7.67925, 7.6795, 7.67975, 
7.68, 7.68025, 7.6805, 7.68075, 7.681, 7.68125, 7.6815, 7.68175, 7.682, 7.68225, 7.6825, 7.68275, 7.683, 7.68325, 7.6835, 7.68375, 
7.684, 7.68425, 7.6845, 7.68475, 7.685, 7.68525, 7.6855, 7.68575, 7.686, 7.68625, 7.6865, 7.68675, 7.687, 7.68725, 7.6875, 7.68775, 
7.688, 7.68825, 7.6885, 7.68875, 7.689, 7.68925, 7.6895, 7.68975, 7.69, 7.69025, 7.6905, 7.69075, 7.691, 7.69125, 7.6915, 7.69175, 
7.692, 7.69225, 7.6925, 7.69275, 7.693, 7.69325, 7.6935, 7.69375, 7.694, 7.69425, 7.6945, 7.69475, 7.695, 7.69525, 7.6955, 7.69575, 
7.696, 7.69625, 7.6965, 7.69675, 7.697, 7.69725, 7.6975, 7.69775, 7.698, 7.69825, 7.6985, 7.69875, 7.699, 7.69925, 7.6995, 7.69975, 
7.7, 7.70025, 7.7005, 7.70075, 7.701, 7.70125, 7.7015, 7.70175, 7.702, 7.70225, 7.7025, 7.70275, 7.703, 7.70325, 7.7035, 7.70375, 
7.704, 7.70425, 7.7045, 7.70475, 7.705, 7.70525, 7.7055, 7.70575, 7.706, 7.70625, 7.7065, 7.70675, 7.707, 7.70725, 7.7075, 7.70775, 
7.708, 7.70825, 7.7085, 7.70875, 7.709, 7.70925, 7.7095, 7.70975, 7.71, 7.71025, 7.7105, 7.71075, 7.711, 7.71125, 7.7115, 7.71175, 
7.712, 7.71225, 7.7125, 7.71275, 7.713, 7.71325, 7.7135, 7.71375, 7.714, 7.71425, 7.7145, 7.71475, 7.715, 7.71525, 7.7155, 7.71575, 
7.716, 7.71625, 7.7165, 7.71675, 7.717, 7.71725, 7.7175, 7.71775, 7.718, 7.71825, 7.7185, 7.71875, 7.719, 7.71925, 7.7195, 7.71975, 
7.72, 7.72025, 7.7205, 7.72075, 7.721, 7.72125, 7.7215, 7.72175, 7.722, 7.72225, 7.7225, 7.72275, 7.723, 7.72325, 7.7235, 7.72375, 
7.724, 7.72425, 7.7245, 7.72475, 7.725, 7.72525, 7.7255, 7.72575, 7.726, 7.72625, 7.7265, 7.72675, 7.727, 7.72725, 7.7275, 7.72775, 
7.728, 7.72825, 7.7285, 7.72875, 7.729, 7.72925, 7.7295, 7.72975, 7.73, 7.73025, 7.7305, 7.73075, 7.731, 7.73125, 7.7315, 7.73175, 
7.732, 7.73225, 7.7325, 7.73275, 7.733, 7.73325, 7.7335, 7.73375, 7.734, 7.73425, 7.7345, 7.73475, 7.735, 7.73525, 7.7355, 7.73575, 
7.736, 7.73625, 7.7365, 7.73675, 7.737, 7.73725, 7.7375, 7.73775, 7.738, 7.73825, 7.7385, 7.73875, 7.739, 7.73925, 7.7395, 7.73975, 
7.74, 7.74025, 7.7405, 7.74075, 7.741, 7.74125, 7.7415, 7.74175, 7.742, 7.74225, 7.7425, 7.74275, 7.743, 7.74325, 7.7435, 7.74375, 
7.744, 7.74425, 7.7445, 7.74475, 7.745, 7.74525, 7.7455, 7.74575, 7.746, 7.74625, 7.7465, 7.74675, 7.747, 7.74725, 7.7475, 7.74775, 
7.748, 7.74825, 7.7485, 7.74875, 7.749, 7.74925, 7.7495, 7.74975, 7.75, 7.75025, 7.7505, 7.75075, 7.751, 7.75125, 7.7515, 7.75175, 
7.752, 7.75225, 7.7525, 7.75275, 7.753, 7.75325, 7.7535, 7.75375, 7.754, 7.75425, 7.7545, 7.75475, 7.755, 7.75525, 7.7555, 7.75575, 
7.756, 7.75625, 7.7565, 7.75675, 7.757, 7.75725, 7.7575, 7.75775, 7.758, 7.75825, 7.7585, 7.75875, 7.759, 7.75925, 7.7595, 7.75975, 
7.76, 7.76025, 7.7605, 7.76075, 7.761, 7.76125, 7.7615, 7.76175, 7.762, 7.76225, 7.7625, 7.76275, 7.763, 7.76325, 7.7635, 7.76375, 
7.764, 7.76425, 7.7645, 7.76475, 7.765, 7.76525, 7.7655, 7.76575, 7.766, 7.76625, 7.7665, 7.76675, 7.767, 7.76725, 7.7675, 7.76775, 
7.768, 7.76825, 7.7685, 7.76875, 7.769, 7.76925, 7.7695, 7.76975, 7.77, 7.77025, 7.7705, 7.77075, 7.771, 7.77125, 7.7715, 7.77175, 
7.772, 7.77225, 7.7725, 7.77275, 7.773, 7.77325, 7.7735, 7.77375, 7.774, 7.77425, 7.7745, 7.77475, 7.775, 7.77525, 7.7755, 7.77575, 
7.776, 7.77625, 7.7765, 7.77675, 7.777, 7.77725, 7.7775, 7.77775, 7.778, 7.77825, 7.7785, 7.77875, 7.779, 7.77925, 7.7795, 7.77975, 
7.78, 7.78025, 7.7805, 7.78075, 7.781, 7.78125, 7.7815, 7.78175, 7.782, 7.78225, 7.7825, 7.78275, 7.783, 7.78325, 7.7835, 7.78375, 
7.784, 7.78425, 7.7845, 7.78475, 7.785, 7.78525, 7.7855, 7.78575, 7.786, 7.78625, 7.7865, 7.78675, 7.787, 7.78725, 7.7875, 7.78775, 
7.788, 7.78825, 7.7885, 7.78875, 7.789, 7.78925, 7.7895, 7.78975, 7.79, 7.79025, 7.7905, 7.79075, 7.791, 7.79125, 7.7915, 7.79175, 
7.792, 7.79225, 7.7925, 7.79275, 7.793, 7.79325, 7.7935, 7.79375, 7.794, 7.79425, 7.7945, 7.79475, 7.795, 7.79525, 7.7955, 7.79575, 
7.796, 7.79625, 7.7965, 7.79675, 7.797, 7.79725, 7.7975, 7.79775, 7.798, 7.79825, 7.7985, 7.79875, 7.799, 7.79925, 7.7995, 7.79975, 
7.8, 7.80025, 7.8005, 7.80075, 7.801, 7.80125, 7.8015, 7.80175, 7.802, 7.80225, 7.8025, 7.80275, 7.803, 7.80325, 7.8035, 7.80375, 
7.804, 7.80425, 7.8045, 7.80475, 7.805, 7.80525, 7.8055, 7.80575, 7.806, 7.80625, 7.8065, 7.80675, 7.807, 7.80725, 7.8075, 7.80775, 
7.808, 7.80825, 7.8085, 7.80875, 7.809, 7.80925, 7.8095, 7.80975, 7.81, 7.81025, 7.8105, 7.81075, 7.811, 7.81125, 7.8115, 7.81175, 
7.812, 7.81225, 7.8125, 7.81275, 7.813, 7.81325, 7.8135, 7.81375, 7.814, 7.81425, 7.8145, 7.81475, 7.815, 7.81525, 7.8155, 7.81575, 
7.816, 7.81625, 7.8165, 7.81675, 7.817, 7.81725, 7.8175, 7.81775, 7.818, 7.81825, 7.8185, 7.81875, 7.819, 7.81925, 7.8195, 7.81975, 
7.82, 7.82025, 7.8205, 7.82075, 7.821, 7.82125, 7.8215, 7.82175, 7.822, 7.82225, 7.8225, 7.82275, 7.823, 7.82325, 7.8235, 7.82375, 
7.824, 7.82425, 7.8245, 7.82475, 7.825, 7.82525, 7.8255, 7.82575, 7.826, 7.82625, 7.8265, 7.82675, 7.827, 7.82725, 7.8275, 7.82775, 
7.828, 7.82825, 7.8285, 7.82875, 7.829, 7.82925, 7.8295, 7.82975, 7.83, 7.83025, 7.8305, 7.83075, 7.831, 7.83125, 7.8315, 7.83175, 
7.832, 7.83225, 7.8325, 7.83275, 7.833, 7.83325, 7.8335, 7.83375, 7.834, 7.83425, 7.8345, 7.83475, 7.835, 7.83525, 7.8355, 7.83575, 
7.836, 7.83625, 7.8365, 7.83675, 7.837, 7.83725, 7.8375, 7.83775, 7.838, 7.83825, 7.8385, 7.83875, 7.839, 7.83925, 7.8395, 7.83975, 
7.84, 7.84025, 7.8405, 7.84075, 7.841, 7.84125, 7.8415, 7.84175, 7.842, 7.84225, 7.8425, 7.84275, 7.843, 7.84325, 7.8435, 7.84375, 
7.844, 7.84425, 7.8445, 7.84475, 7.845, 7.84525, 7.8455, 7.84575, 7.846, 7.84625, 7.8465, 7.84675, 7.847, 7.84725, 7.8475, 7.84775, 
7.848, 7.84825, 7.8485, 7.84875, 7.849, 7.84925, 7.8495, 7.84975, 7.85, 7.85025, 7.8505, 7.85075, 7.851, 7.85125, 7.8515, 7.85175, 
7.852, 7.85225, 7.8525, 7.85275, 7.853, 7.85325, 7.8535, 7.85375, 7.854, 7.85425, 7.8545, 7.85475, 7.855, 7.85525, 7.8555, 7.85575, 
7.856, 7.85625, 7.8565, 7.85675, 7.857, 7.85725, 7.8575, 7.85775, 7.858, 7.85825, 7.8585, 7.85875, 7.859, 7.85925, 7.8595, 7.85975, 
7.86, 7.86025, 7.8605, 7.86075, 7.861, 7.86125, 7.8615, 7.86175, 7.862, 7.86225, 7.8625, 7.86275, 7.863, 7.86325, 7.8635, 7.86375, 
7.864, 7.86425, 7.8645, 7.86475, 7.865, 7.86525, 7.8655, 7.86575, 7.866, 7.86625, 7.8665, 7.86675, 7.867, 7.86725, 7.8675, 7.86775, 
7.868, 7.86825, 7.8685, 7.86875, 7.869, 7.86925, 7.8695, 7.86975, 7.87, 7.87025, 7.8705, 7.87075, 7.871, 7.87125, 7.8715, 7.87175, 
7.872, 7.87225, 7.8725, 7.87275, 7.873, 7.87325, 7.8735, 7.87375, 7.874, 7.87425, 7.8745, 7.87475, 7.875, 7.87525, 7.8755, 7.87575, 
7.876, 7.87625, 7.8765, 7.87675, 7.877, 7.87725, 7.8775, 7.87775, 7.878, 7.87825, 7.8785, 7.87875, 7.879, 7.87925, 7.8795, 7.87975, 
7.88, 7.88025, 7.8805, 7.88075, 7.881, 7.88125, 7.8815, 7.88175, 7.882, 7.88225, 7.8825, 7.88275, 7.883, 7.88325, 7.8835, 7.88375, 
7.884, 7.88425, 7.8845, 7.88475, 7.885, 7.88525, 7.8855, 7.88575, 7.886, 7.88625, 7.8865, 7.88675, 7.887, 7.88725, 7.8875, 7.88775, 
7.888, 7.88825, 7.8885, 7.88875, 7.889, 7.88925, 7.8895, 7.88975, 7.89, 7.89025, 7.8905, 7.89075, 7.891, 7.89125, 7.8915, 7.89175, 
7.892, 7.89225, 7.8925, 7.89275, 7.893, 7.89325, 7.8935, 7.89375, 7.894, 7.89425, 7.8945, 7.89475, 7.895, 7.89525, 7.8955, 7.89575, 
7.896, 7.89625, 7.8965, 7.89675, 7.897, 7.89725, 7.8975, 7.89775, 7.898, 7.89825, 7.8985, 7.89875, 7.899, 7.89925, 7.8995, 7.89975, 
7.9, 7.90025, 7.9005, 7.90075, 7.901, 7.90125, 7.9015, 7.90175, 7.902, 7.90225, 7.9025, 7.90275, 7.903, 7.90325, 7.9035, 7.90375, 
7.904, 7.90425, 7.9045, 7.90475, 7.905, 7.90525, 7.9055, 7.90575, 7.906, 7.90625, 7.9065, 7.90675, 7.907, 7.90725, 7.9075, 7.90775, 
7.908, 7.90825, 7.9085, 7.90875, 7.909, 7.90925, 7.9095, 7.90975, 7.91, 7.91025, 7.9105, 7.91075, 7.911, 7.91125, 7.9115, 7.91175, 
7.912, 7.91225, 7.9125, 7.91275, 7.913, 7.91325, 7.9135, 7.91375, 7.914, 7.91425, 7.9145, 7.91475, 7.915, 7.91525, 7.9155, 7.91575, 
7.916, 7.91625, 7.9165, 7.91675, 7.917, 7.91725, 7.9175, 7.91775, 7.918, 7.91825, 7.9185, 7.91875, 7.919, 7.91925, 7.9195, 7.91975, 
7.92, 7.92025, 7.9205, 7.92075, 7.921, 7.92125, 7.9215, 7.92175, 7.922, 7.92225, 7.9225, 7.92275, 7.923, 7.92325, 7.9235, 7.92375, 
7.924, 7.92425, 7.9245, 7.92475, 7.925, 7.92525, 7.9255, 7.92575, 7.926, 7.92625, 7.9265, 7.92675, 7.927, 7.92725, 7.9275, 7.92775, 
7.928, 7.92825, 7.9285, 7.92875, 7.929, 7.92925, 7.9295, 7.92975, 7.93, 7.93025, 7.9305, 7.93075, 7.931, 7.93125, 7.9315, 7.93175, 
7.932, 7.93225, 7.9325, 7.93275, 7.933, 7.93325, 7.9335, 7.93375, 7.934, 7.93425, 7.9345, 7.93475, 7.935, 7.93525, 7.9355, 7.93575, 
7.936, 7.93625, 7.9365, 7.93675, 7.937, 7.93725, 7.9375, 7.93775, 7.938, 7.93825, 7.9385, 7.93875, 7.939, 7.93925, 7.9395, 7.93975, 
7.94, 7.94025, 7.9405, 7.94075, 7.941, 7.94125, 7.9415, 7.94175, 7.942, 7.94225, 7.9425, 7.94275, 7.943, 7.94325, 7.9435, 7.94375, 
7.944, 7.94425, 7.9445, 7.94475, 7.945, 7.94525, 7.9455, 7.94575, 7.946, 7.94625, 7.9465, 7.94675, 7.947, 7.94725, 7.9475, 7.94775, 
7.948, 7.94825, 7.9485, 7.94875, 7.949, 7.94925, 7.9495, 7.94975, 7.95, 7.95025, 7.9505, 7.95075, 7.951, 7.95125, 7.9515, 7.95175, 
7.952, 7.95225, 7.9525, 7.95275, 7.953, 7.95325, 7.9535, 7.95375, 7.954, 7.95425, 7.9545, 7.95475, 7.955, 7.95525, 7.9555, 7.95575, 
7.956, 7.95625, 7.9565, 7.95675, 7.957, 7.95725, 7.9575, 7.95775, 7.958, 7.95825, 7.9585, 7.95875, 7.959, 7.95925, 7.9595, 7.95975, 
7.96, 7.96025, 7.9605, 7.96075, 7.961, 7.96125, 7.9615, 7.96175, 7.962, 7.96225, 7.9625, 7.96275, 7.963, 7.96325, 7.9635, 7.96375, 
7.964, 7.96425, 7.9645, 7.96475, 7.965, 7.96525, 7.9655, 7.96575, 7.966, 7.96625, 7.9665, 7.96675, 7.967, 7.96725, 7.9675, 7.96775, 
7.968, 7.96825, 7.9685, 7.96875, 7.969, 7.96925, 7.9695, 7.96975, 7.97, 7.97025, 7.9705, 7.97075, 7.971, 7.97125, 7.9715, 7.97175, 
7.972, 7.97225, 7.9725, 7.97275, 7.973, 7.97325, 7.9735, 7.97375, 7.974, 7.97425, 7.9745, 7.97475, 7.975, 7.97525, 7.9755, 7.97575, 
7.976, 7.97625, 7.9765, 7.97675, 7.977, 7.97725, 7.9775, 7.97775, 7.978, 7.97825, 7.9785, 7.97875, 7.979, 7.97925, 7.9795, 7.97975, 
7.98, 7.98025, 7.9805, 7.98075, 7.981, 7.98125, 7.9815, 7.98175, 7.982, 7.98225, 7.9825, 7.98275, 7.983, 7.98325, 7.9835, 7.98375, 
7.984, 7.98425, 7.9845, 7.98475, 7.985, 7.98525, 7.9855, 7.98575, 7.986, 7.98625, 7.9865, 7.98675, 7.987, 7.98725, 7.9875, 7.98775, 
7.988, 7.98825, 7.9885, 7.98875, 7.989, 7.98925, 7.9895, 7.98975, 7.99, 7.99025, 7.9905, 7.99075, 7.991, 7.99125, 7.9915, 7.99175, 
7.992, 7.99225, 7.9925, 7.99275, 7.993, 7.99325, 7.9935, 7.99375, 7.994, 7.99425, 7.9945, 7.99475, 7.995, 7.99525, 7.9955, 7.99575, 
7.996, 7.99625, 7.9965, 7.99675, 7.997, 7.99725, 7.9975, 7.99775, 7.998, 7.99825, 7.9985, 7.99875, 7.999, 7.99925, 7.9995, 7.99975
