3, 3.0005, 3.001, 3.0015, 3.002, 3.0025, 3.003, 3.0035, 3.004, 3.0045, 3.005, 3.0055, 3.006, 3.0065, 3.007, 3.0075, 
3.008, 3.0085, 3.009, 3.0095, 3.01, 3.0105, 3.011, 3.0115, 3.012, 3.0125, 3.013, 3.0135, 3.014, 3.0145, 3.015, 3.0155, 
3.016, 3.0165, 3.017, 3.0175, 3.018, 3.0185, 3.019, 3.0195, 3.02, 3.0205, 3.021, 3.0215, 3.022, 3.0225, 3.023, 3.0235, 
3.024, 3.0245, 3.025, 3.0255, 3.026, 3.0265, 3.027, 3.0275, 3.028, 3.0285, 3.029, 3.0295, 3.03, 3.0305, 3.031, 3.0315, 
3.032, 3.0325, 3.033, 3.0335, 3.034, 3.0345, 3.035, 3.0355, 3.036, 3.0365, 3.037, 3.0375, 3.038, 3.0385, 3.039, 3.0395, 
3.04, 3.0405, 3.041, 3.0415, 3.042, 3.0425, 3.043, 3.0435, 3.044, 3.0445, 3.045, 3.0455, 3.046, 3.0465, 3.047, 3.0475, 
3.048, 3.0485, 3.049, 3.0495, 3.05, 3.0505, 3.051, 3.0515, 3.052, 3.0525, 3.053, 3.0535, 3.054, 3.0545, 3.055, 3.0555, 
3.056, 3.0565, 3.057, 3.0575, 3.058, 3.0585, 3.059, 3.0595, 3.06, 3.0605, 3.061, 3.0615, 3.062, 3.0625, 3.063, 3.0635, 
3.064, 3.0645, 3.065, 3.0655, 3.066, 3.0665, 3.067, 3.0675, 3.068, 3.0685, 3.069, 3.0695, 3.07, 3.0705, 3.071, 3.0715, 
3.072, 3.0725, 3.073, 3.0735, 3.074, 3.0745, 3.075, 3.0755, 3.076, 3.0765, 3.077, 3.0775, 3.078, 3.0785, 3.079, 3.0795, 
3.08, 3.0805, 3.081, 3.0815, 3.082, 3.0825, 3.083, 3.0835, 3.084, 3.0845, 3.085, 3.0855, 3.086, 3.0865, 3.087, 3.0875, 
3.088, 3.0885, 3.089, 3.0895, 3.09, 3.0905, 3.091, 3.0915, 3.092, 3.0925, 3.093, 3.0935, 3.094, 3.0945, 3.095, 3.0955, 
3.096, 3.0965, 3.097, 3.0975, 3.098, 3.0985, 3.099, 3.0995, 3.1, 3.1005, 3.101, 3.1015, 3.102, 3.1025, 3.103, 3.1035, 
3.104, 3.1045, 3.105, 3.1055, 3.106, 3.1065, 3.107, 3.1075, 3.108, 3.1085, 3.109, 3.1095, 3.11, 3.1105, 3.111, 3.1115, 
3.112, 3.1125, 3.113, 3.1135, 3.114, 3.1145, 3.115, 3.1155, 3.116, 3.1165, 3.117, 3.1175, 3.118, 3.1185, 3.119, 3.1195, 
3.12, 3.1205, 3.121, 3.1215, 3.122, 3.1225, 3.123, 3.1235, 3.124, 3.1245, 3.125, 3.1255, 3.126, 3.1265, 3.127, 3.1275, 
3.128, 3.1285, 3.129, 3.1295, 3.13, 3.1305, 3.131, 3.1315, 3.132, 3.1325, 3.133, 3.1335, 3.134, 3.1345, 3.135, 3.1355, 
3.136, 3.1365, 3.137, 3.1375, 3.138, 3.1385, 3.139, 3.1395, 3.14, 3.1405, 3.141, 3.1415, 3.142, 3.1425, 3.143, 3.1435, 
3.144, 3.1445, 3.145, 3.1455, 3.146, 3.1465, 3.147, 3.1475, 3.148, 3.1485, 3.149, 3.1495, 3.15, 3.1505, 3.151, 3.1515, 
3.152, 3.1525, 3.153, 3.1535, 3.154, 3.1545, 3.155, 3.1555, 3.156, 3.1565, 3.157, 3.1575, 3.158, 3.1585, 3.159, 3.1595, 
3.16, 3.1605, 3.161, 3.1615, 3.162, 3.1625, 3.163, 3.1635, 3.164, 3.1645, 3.165, 3.1655, 3.166, 3.1665, 3.167, 3.1675, 
3.168, 3.1685, 3.169, 3.1695, 3.17, 3.1705, 3.171, 3.1715, 3.172, 3.1725, 3.173, 3.1735, 3.174, 3.1745, 3.175, 3.1755, 
3.176, 3.1765, 3.177, 3.1775, 3.178, 3.1785, 3.179, 3.1795, 3.18, 3.1805, 3.181, 3.1815, 3.182, 3.1825, 3.183, 3.1835, 
3.184, 3.1845, 3.185, 3.1855, 3.186, 3.1865, 3.187, 3.1875, 3.188, 3.1885, 3.189, 3.1895, 3.19, 3.1905, 3.191, 3.1915, 
3.192, 3.1925, 3.193, 3.1935, 3.194, 3.1945, 3.195, 3.1955, 3.196, 3.1965, 3.197, 3.1975, 3.198, 3.1985, 3.199, 3.1995, 
3.2, 3.2005, 3.201, 3.2015, 3.202, 3.2025, 3.203, 3.2035, 3.204, 3.2045, 3.205, 3.2055, 3.206, 3.2065, 3.207, 3.2075, 
3.208, 3.2085, 3.209, 3.2095, 3.21, 3.2105, 3.211, 3.2115, 3.212, 3.2125, 3.213, 3.2135, 3.214, 3.2145, 3.215, 3.2155, 
3.216, 3.2165, 3.217, 3.2175, 3.218, 3.2185, 3.219, 3.2195, 3.22, 3.2205, 3.221, 3.2215, 3.222, 3.2225, 3.223, 3.2235, 
3.224, 3.2245, 3.225, 3.2255, 3.226, 3.2265, 3.227, 3.2275, 3.228, 3.2285, 3.229, 3.2295, 3.23, 3.2305, 3.231, 3.2315, 
3.232, 3.2325, 3.233, 3.2335, 3.234, 3.2345, 3.235, 3.2355, 3.236, 3.2365, 3.237, 3.2375, 3.238, 3.2385, 3.239, 3.2395, 
3.24, 3.2405, 3.241, 3.2415, 3.242, 3.2425, 3.243, 3.2435, 3.244, 3.2445, 3.245, 3.2455, 3.246, 3.2465, 3.247, 3.2475, 
3.248, 3.2485, 3.249, 3.2495, 3.25, 3.2505, 3.251, 3.2515, 3.252, 3.2525, 3.253, 3.2535, 3.254, 3.2545, 3.255, 3.2555, 
3.256, 3.2565, 3.257, 3.2575, 3.258, 3.2585, 3.259, 3.2595, 3.26, 3.2605, 3.261, 3.2615, 3.262, 3.2625, 3.263, 3.2635, 
3.264, 3.2645, 3.265, 3.2655, 3.266, 3.2665, 3.267, 3.2675, 3.268, 3.2685, 3.269, 3.2695, 3.27, 3.2705, 3.271, 3.2715, 
3.272, 3.2725, 3.273, 3.2735, 3.274, 3.2745, 3.275, 3.2755, 3.276, 3.2765, 3.277, 3.2775, 3.278, 3.2785, 3.279, 3.2795, 
3.28, 3.2805, 3.281, 3.2815, 3.282, 3.2825, 3.283, 3.2835, 3.284, 3.2845, 3.285, 3.2855, 3.286, 3.2865, 3.287, 3.2875, 
3.288, 3.2885, 3.289, 3.2895, 3.29, 3.2905, 3.291, 3.2915, 3.292, 3.2925, 3.293, 3.2935, 3.294, 3.2945, 3.295, 3.2955, 
3.296, 3.2965, 3.297, 3.2975, 3.298, 3.2985, 3.299, 3.2995, 3.3, 3.3005, 3.301, 3.3015, 3.302, 3.3025, 3.303, 3.3035, 
3.304, 3.3045, 3.305, 3.3055, 3.306, 3.3065, 3.307, 3.3075, 3.308, 3.3085, 3.309, 3.3095, 3.31, 3.3105, 3.311, 3.3115, 
3.312, 3.3125, 3.313, 3.3135, 3.314, 3.3145, 3.315, 3.3155, 3.316, 3.3165, 3.317, 3.3175, 3.318, 3.3185, 3.319, 3.3195, 
3.32, 3.3205, 3.321, 3.3215, 3.322, 3.3225, 3.323, 3.3235, 3.324, 3.3245, 3.325, 3.3255, 3.326, 3.3265, 3.327, 3.3275, 
3.328, 3.3285, 3.329, 3.3295, 3.33, 3.3305, 3.331, 3.3315, 3.332, 3.3325, 3.333, 3.3335, 3.334, 3.3345, 3.335, 3.3355, 
3.336, 3.3365, 3.337, 3.3375, 3.338, 3.3385, 3.339, 3.3395, 3.34, 3.3405, 3.341, 3.3415, 3.342, 3.3425, 3.343, 3.3435, 
3.344, 3.3445, 3.345, 3.3455, 3.346, 3.3465, 3.347, 3.3475, 3.348, 3.3485, 3.349, 3.3495, 3.35, 3.3505, 3.351, 3.3515, 
3.352, 3.3525, 3.353, 3.3535, 3.354, 3.3545, 3.355, 3.3555, 3.356, 3.3565, 3.357, 3.3575, 3.358, 3.3585, 3.359, 3.3595, 
3.36, 3.3605, 3.361, 3.3615, 3.362, 3.3625, 3.363, 3.3635, 3.364, 3.3645, 3.365, 3.3655, 3.366, 3.3665, 3.367, 3.3675, 
3.368, 3.3685, 3.369, 3.3695, 3.37, 3.3705, 3.371, 3.3715, 3.372, 3.3725, 3.373, 3.3735, 3.374, 3.3745, 3.375, 3.3755, 
3.376, 3.3765, 3.377, 3.3775, 3.378, 3.3785, 3.379, 3.3795, 3.38, 3.3805, 3.381, 3.3815, 3.382, 3.3825, 3.383, 3.3835, 
3.384, 3.3845, 3.385, 3.3855, 3.386, 3.3865, 3.387, 3.3875, 3.388, 3.3885, 3.389, 3.3895, 3.39, 3.3905, 3.391, 3.3915, 
3.392, 3.3925, 3.393, 3.3935, 3.394, 3.3945, 3.395, 3.3955, 3.396, 3.3965, 3.397, 3.3975, 3.398, 3.3985, 3.399, 3.3995, 
3.4, 3.4005, 3.401, 3.4015, 3.402, 3.4025, 3.403, 3.4035, 3.404, 3.4045, 3.405, 3.4055, 3.406, 3.4065, 3.407, 3.4075, 
3.408, 3.4085, 3.409, 3.4095, 3.41, 3.4105, 3.411, 3.4115, 3.412, 3.4125, 3.413, 3.4135, 3.414, 3.4145, 3.415, 3.4155, 
3.416, 3.4165, 3.417, 3.4175, 3.418, 3.4185, 3.419, 3.4195, 3.42, 3.4205, 3.421, 3.4215, 3.422, 3.4225, 3.423, 3.4235, 
3.424, 3.4245, 3.425, 3.4255, 3.426, 3.4265, 3.427, 3.4275, 3.428, 3.4285, 3.429, 3.4295, 3.43, 3.4305, 3.431, 3.4315, 
3.432, 3.4325, 3.433, 3.4335, 3.434, 3.4345, 3.435, 3.4355, 3.436, 3.4365, 3.437, 3.4375, 3.438, 3.4385, 3.439, 3.4395, 
3.44, 3.4405, 3.441, 3.4415, 3.442, 3.4425, 3.443, 3.4435, 3.444, 3.4445, 3.445, 3.4455, 3.446, 3.4465, 3.447, 3.4475, 
3.448, 3.4485, 3.449, 3.4495, 3.45, 3.4505, 3.451, 3.4515, 3.452, 3.4525, 3.453, 3.4535, 3.454, 3.4545, 3.455, 3.4555, 
3.456, 3.4565, 3.457, 3.4575, 3.458, 3.4585, 3.459, 3.4595, 3.46, 3.4605, 3.461, 3.4615, 3.462, 3.4625, 3.463, 3.4635, 
3.464, 3.4645, 3.465, 3.4655, 3.466, 3.4665, 3.467, 3.4675, 3.468, 3.4685, 3.469, 3.4695, 3.47, 3.4705, 3.471, 3.4715, 
3.472, 3.4725, 3.473, 3.4735, 3.474, 3.4745, 3.475, 3.4755, 3.476, 3.4765, 3.477, 3.4775, 3.478, 3.4785, 3.479, 3.4795, 
3.48, 3.4805, 3.481, 3.4815, 3.482, 3.4825, 3.483, 3.4835, 3.484, 3.4845, 3.485, 3.4855, 3.486, 3.4865, 3.487, 3.4875, 
3.488, 3.4885, 3.489, 3.4895, 3.49, 3.4905, 3.491, 3.4915, 3.492, 3.4925, 3.493, 3.4935, 3.494, 3.4945, 3.495, 3.4955, 
3.496, 3.4965, 3.497, 3.4975, 3.498, 3.4985, 3.499, 3.4995, 3.5, 3.5005, 3.501, 3.5015, 3.502, 3.5025, 3.503, 3.5035, 
3.504, 3.5045, 3.505, 3.5055, 3.506, 3.5065, 3.507, 3.5075, 3.508, 3.5085, 3.509, 3.5095, 3.51, 3.5105, 3.511, 3.5115, 
3.512, 3.5125, 3.513, 3.5135, 3.514, 3.5145, 3.515, 3.5155, 3.516, 3.5165, 3.517, 3.5175, 3.518, 3.5185, 3.519, 3.5195, 
3.52, 3.5205, 3.521, 3.5215, 3.522, 3.5225, 3.523, 3.5235, 3.524, 3.5245, 3.525, 3.5255, 3.526, 3.5265, 3.527, 3.5275, 
3.528, 3.5285, 3.529, 3.5295, 3.53, 3.5305, 3.531, 3.5315, 3.532, 3.5325, 3.533, 3.5335, 3.534, 3.5345, 3.535, 3.5355, 
3.536, 3.5365, 3.537, 3.5375, 3.538, 3.5385, 3.539, 3.5395, 3.54, 3.5405, 3.541, 3.5415, 3.542, 3.5425, 3.543, 3.5435, 
3.544, 3.5445, 3.545, 3.5455, 3.546, 3.5465, 3.547, 3.5475, 3.548, 3.5485, 3.549, 3.5495, 3.55, 3.5505, 3.551, 3.5515, 
3.552, 3.5525, 3.553, 3.5535, 3.554, 3.5545, 3.555, 3.5555, 3.556, 3.5565, 3.557, 3.5575, 3.558, 3.5585, 3.559, 3.5595, 
3.56, 3.5605, 3.561, 3.5615, 3.562, 3.5625, 3.563, 3.5635, 3.564, 3.5645, 3.565, 3.5655, 3.566, 3.5665, 3.567, 3.5675, 
3.568, 3.5685, 3.569, 3.5695, 3.57, 3.5705, 3.571, 3.5715, 3.572, 3.5725, 3.573, 3.5735, 3.574, 3.5745, 3.575, 3.5755, 
3.576, 3.5765, 3.577, 3.5775, 3.578, 3.5785, 3.579, 3.5795, 3.58, 3.5805, 3.581, 3.5815, 3.582, 3.5825, 3.583, 3.5835, 
3.584, 3.5845, 3.585, 3.5855, 3.586, 3.5865, 3.587, 3.5875, 3.588, 3.5885, 3.589, 3.5895, 3.59, 3.5905, 3.591, 3.5915, 
3.592, 3.5925, 3.593, 3.5935, 3.594, 3.5945, 3.595, 3.5955, 3.596, 3.5965, 3.597, 3.5975, 3.598, 3.5985, 3.599, 3.5995, 
3.6, 3.6005, 3.601, 3.6015, 3.602, 3.6025, 3.603, 3.6035, 3.604, 3.6045, 3.605, 3.6055, 3.606, 3.6065, 3.607, 3.6075, 
3.608, 3.6085, 3.609, 3.6095, 3.61, 3.6105, 3.611, 3.6115, 3.612, 3.6125, 3.613, 3.6135, 3.614, 3.6145, 3.615, 3.6155, 
3.616, 3.6165, 3.617, 3.6175, 3.618, 3.6185, 3.619, 3.6195, 3.62, 3.6205, 3.621, 3.6215, 3.622, 3.6225, 3.623, 3.6235, 
3.624, 3.6245, 3.625, 3.6255, 3.626, 3.6265, 3.627, 3.6275, 3.628, 3.6285, 3.629, 3.6295, 3.63, 3.6305, 3.631, 3.6315, 
3.632, 3.6325, 3.633, 3.6335, 3.634, 3.6345, 3.635, 3.6355, 3.636, 3.6365, 3.637, 3.6375, 3.638, 3.6385, 3.639, 3.6395, 
3.64, 3.6405, 3.641, 3.6415, 3.642, 3.6425, 3.643, 3.6435, 3.644, 3.6445, 3.645, 3.6455, 3.646, 3.6465, 3.647, 3.6475, 
3.648, 3.6485, 3.649, 3.6495, 3.65, 3.6505, 3.651, 3.6515, 3.652, 3.6525, 3.653, 3.6535, 3.654, 3.6545, 3.655, 3.6555, 
3.656, 3.6565, 3.657, 3.6575, 3.658, 3.6585, 3.659, 3.6595, 3.66, 3.6605, 3.661, 3.6615, 3.662, 3.6625, 3.663, 3.6635, 
3.664, 3.6645, 3.665, 3.6655, 3.666, 3.6665, 3.667, 3.6675, 3.668, 3.6685, 3.669, 3.6695, 3.67, 3.6705, 3.671, 3.6715, 
3.672, 3.6725, 3.673, 3.6735, 3.674, 3.6745, 3.675, 3.6755, 3.676, 3.6765, 3.677, 3.6775, 3.678, 3.6785, 3.679, 3.6795, 
3.68, 3.6805, 3.681, 3.6815, 3.682, 3.6825, 3.683, 3.6835, 3.684, 3.6845, 3.685, 3.6855, 3.686, 3.6865, 3.687, 3.6875, 
3.688, 3.6885, 3.689, 3.6895, 3.69, 3.6905, 3.691, 3.6915, 3.692, 3.6925, 3.693, 3.6935, 3.694, 3.6945, 3.695, 3.6955, 
3.696, 3.6965, 3.697, 3.6975, 3.698, 3.6985, 3.699, 3.6995, 3.7, 3.7005, 3.701, 3.7015, 3.702, 3.7025, 3.703, 3.7035, 
3.704, 3.7045, 3.705, 3.7055, 3.706, 3.7065, 3.707, 3.7075, 3.708, 3.7085, 3.709, 3.7095, 3.71, 3.7105, 3.711, 3.7115, 
3.712, 3.7125, 3.713, 3.7135, 3.714, 3.7145, 3.715, 3.7155, 3.716, 3.7165, 3.717, 3.7175, 3.718, 3.7185, 3.719, 3.7195, 
3.72, 3.7205, 3.721, 3.7215, 3.722, 3.7225, 3.723, 3.7235, 3.724, 3.7245, 3.725, 3.7255, 3.726, 3.7265, 3.727, 3.7275, 
3.728, 3.7285, 3.729, 3.7295, 3.73, 3.7305, 3.731, 3.7315, 3.732, 3.7325, 3.733, 3.7335, 3.734, 3.7345, 3.735, 3.7355, 
3.736, 3.7365, 3.737, 3.7375, 3.738, 3.7385, 3.739, 3.7395, 3.74, 3.7405, 3.741, 3.7415, 3.742, 3.7425, 3.743, 3.7435, 
3.744, 3.7445, 3.745, 3.7455, 3.746, 3.7465, 3.747, 3.7475, 3.748, 3.7485, 3.749, 3.7495, 3.75, 3.7505, 3.751, 3.7515, 
3.752, 3.7525, 3.753, 3.7535, 3.754, 3.7545, 3.755, 3.7555, 3.756, 3.7565, 3.757, 3.7575, 3.758, 3.7585, 3.759, 3.7595, 
3.76, 3.7605, 3.761, 3.7615, 3.762, 3.7625, 3.763, 3.7635, 3.764, 3.7645, 3.765, 3.7655, 3.766, 3.7665, 3.767, 3.7675, 
3.768, 3.7685, 3.769, 3.7695, 3.77, 3.7705, 3.771, 3.7715, 3.772, 3.7725, 3.773, 3.7735, 3.774, 3.7745, 3.775, 3.7755, 
3.776, 3.7765, 3.777, 3.7775, 3.778, 3.7785, 3.779, 3.7795, 3.78, 3.7805, 3.781, 3.7815, 3.782, 3.7825, 3.783, 3.7835, 
3.784, 3.7845, 3.785, 3.7855, 3.786, 3.7865, 3.787, 3.7875, 3.788, 3.7885, 3.789, 3.7895, 3.79, 3.7905, 3.791, 3.7915, 
3.792, 3.7925, 3.793, 3.7935, 3.794, 3.7945, 3.795, 3.7955, 3.796, 3.7965, 3.797, 3.7975, 3.798, 3.7985, 3.799, 3.7995, 
3.8, 3.8005, 3.801, 3.8015, 3.802, 3.8025, 3.803, 3.8035, 3.804, 3.8045, 3.805, 3.8055, 3.806, 3.8065, 3.807, 3.8075, 
3.808, 3.8085, 3.809, 3.8095, 3.81, 3.8105, 3.811, 3.8115, 3.812, 3.8125, 3.813, 3.8135, 3.814, 3.8145, 3.815, 3.8155, 
3.816, 3.8165, 3.817, 3.8175, 3.818, 3.8185, 3.819, 3.8195, 3.82, 3.8205, 3.821, 3.8215, 3.822, 3.8225, 3.823, 3.8235, 
3.824, 3.8245, 3.825, 3.8255, 3.826, 3.8265, 3.827, 3.8275, 3.828, 3.8285, 3.829, 3.8295, 3.83, 3.8305, 3.831, 3.8315, 
3.832, 3.8325, 3.833, 3.8335, 3.834, 3.8345, 3.835, 3.8355, 3.836, 3.8365, 3.837, 3.8375, 3.838, 3.8385, 3.839, 3.8395, 
3.84, 3.8405, 3.841, 3.8415, 3.842, 3.8425, 3.843, 3.8435, 3.844, 3.8445, 3.845, 3.8455, 3.846, 3.8465, 3.847, 3.8475, 
3.848, 3.8485, 3.849, 3.8495, 3.85, 3.8505, 3.851, 3.8515, 3.852, 3.8525, 3.853, 3.8535, 3.854, 3.8545, 3.855, 3.8555, 
3.856, 3.8565, 3.857, 3.8575, 3.858, 3.8585, 3.859, 3.8595, 3.86, 3.8605, 3.861, 3.8615, 3.862, 3.8625, 3.863, 3.8635, 
3.864, 3.8645, 3.865, 3.8655, 3.866, 3.8665, 3.867, 3.8675, 3.868, 3.8685, 3.869, 3.8695, 3.87, 3.8705, 3.871, 3.8715, 
3.872, 3.8725, 3.873, 3.8735, 3.874, 3.8745, 3.875, 3.8755, 3.876, 3.8765, 3.877, 3.8775, 3.878, 3.8785, 3.879, 3.8795, 
3.88, 3.8805, 3.881, 3.8815, 3.882, 3.8825, 3.883, 3.8835, 3.884, 3.8845, 3.885, 3.8855, 3.886, 3.8865, 3.887, 3.8875, 
3.888, 3.8885, 3.889, 3.8895, 3.89, 3.8905, 3.891, 3.8915, 3.892, 3.8925, 3.893, 3.8935, 3.894, 3.8945, 3.895, 3.8955, 
3.896, 3.8965, 3.897, 3.8975, 3.898, 3.8985, 3.899, 3.8995, 3.9, 3.9005, 3.901, 3.9015, 3.902, 3.9025, 3.903, 3.9035, 
3.904, 3.9045, 3.905, 3.9055, 3.906, 3.9065, 3.907, 3.9075, 3.908, 3.9085, 3.909, 3.9095, 3.91, 3.9105, 3.911, 3.9115, 
3.912, 3.9125, 3.913, 3.9135, 3.914, 3.9145, 3.915, 3.9155, 3.916, 3.9165, 3.917, 3.9175, 3.918, 3.9185, 3.919, 3.9195, 
3.92, 3.9205, 3.921, 3.9215, 3.922, 3.9225, 3.923, 3.9235, 3.924, 3.9245, 3.925, 3.9255, 3.926, 3.9265, 3.927, 3.9275, 
3.928, 3.9285, 3.929, 3.9295, 3.93, 3.9305, 3.931, 3.9315, 3.932, 3.9325, 3.933, 3.9335, 3.934, 3.9345, 3.935, 3.9355, 
3.936, 3.9365, 3.937, 3.9375, 3.938, 3.9385, 3.939, 3.9395, 3.94, 3.9405, 3.941, 3.9415, 3.942, 3.9425, 3.943, 3.9435, 
3.944, 3.9445, 3.945, 3.9455, 3.946, 3.9465, 3.947, 3.9475, 3.948, 3.9485, 3.949, 3.9495, 3.95, 3.9505, 3.951, 3.9515, 
3.952, 3.9525, 3.953, 3.9535, 3.954, 3.9545, 3.955, 3.9555, 3.956, 3.9565, 3.957, 3.9575, 3.958, 3.9585, 3.959, 3.9595, 
3.96, 3.9605, 3.961, 3.9615, 3.962, 3.9625, 3.963, 3.9635, 3.964, 3.9645, 3.965, 3.9655, 3.966, 3.9665, 3.967, 3.9675, 
3.968, 3.9685, 3.969, 3.9695, 3.97, 3.9705, 3.971, 3.9715, 3.972, 3.9725, 3.973, 3.9735, 3.974, 3.9745, 3.975, 3.9755, 
3.976, 3.9765, 3.977, 3.9775, 3.978, 3.9785, 3.979, 3.9795, 3.98, 3.9805, 3.981, 3.9815, 3.982, 3.9825, 3.983, 3.9835, 
3.984, 3.9845, 3.985, 3.9855, 3.986, 3.9865, 3.987, 3.9875, 3.988, 3.9885, 3.989, 3.9895, 3.99, 3.9905, 3.991, 3.9915, 
3.992, 3.9925, 3.993, 3.9935, 3.994, 3.9945, 3.995, 3.9955, 3.996, 3.9965, 3.997, 3.9975, 3.998, 3.9985, 3.999, 3.9995, 
4, 4.0005, 4.001, 4.0015, 4.002, 4.0025, 4.003, 4.0035, 4.004, 4.0045, 4.005, 4.0055, 4.006, 4.0065, 4.007, 4.0075, 
4.008, 4.0085, 4.009, 4.0095, 4.01, 4.0105, 4.011, 4.0115, 4.012, 4.0125, 4.013, 4.0135, 4.014, 4.0145, 4.015, 4.0155, 
4.016, 4.0165, 4.017, 4.0175, 4.018, 4.0185, 4.019, 4.0195, 4.02, 4.0205, 4.021, 4.0215, 4.022, 4.0225, 4.023, 4.0235, 
4.024, 4.0245, 4.025, 4.0255, 4.026, 4.0265, 4.027, 4.0275, 4.028, 4.0285, 4.029, 4.0295, 4.03, 4.0305, 4.031, 4.0315, 
4.032, 4.0325, 4.033, 4.0335, 4.034, 4.0345, 4.035, 4.0355, 4.036, 4.0365, 4.037, 4.0375, 4.038, 4.0385, 4.039, 4.0395, 
4.04, 4.0405, 4.041, 4.0415, 4.042, 4.0425, 4.043, 4.0435, 4.044, 4.0445, 4.045, 4.0455, 4.046, 4.0465, 4.047, 4.0475, 
4.048, 4.0485, 4.049, 4.0495, 4.05, 4.0505, 4.051, 4.0515, 4.052, 4.0525, 4.053, 4.0535, 4.054, 4.0545, 4.055, 4.0555, 
4.056, 4.0565, 4.057, 4.0575, 4.058, 4.0585, 4.059, 4.0595, 4.06, 4.0605, 4.061, 4.0615, 4.062, 4.0625, 4.063, 4.0635, 
4.064, 4.0645, 4.065, 4.0655, 4.066, 4.0665, 4.067, 4.0675, 4.068, 4.0685, 4.069, 4.0695, 4.07, 4.0705, 4.071, 4.0715, 
4.072, 4.0725, 4.073, 4.0735, 4.074, 4.0745, 4.075, 4.0755, 4.076, 4.0765, 4.077, 4.0775, 4.078, 4.0785, 4.079, 4.0795, 
4.08, 4.0805, 4.081, 4.0815, 4.082, 4.0825, 4.083, 4.0835, 4.084, 4.0845, 4.085, 4.0855, 4.086, 4.0865, 4.087, 4.0875, 
4.088, 4.0885, 4.089, 4.0895, 4.09, 4.0905, 4.091, 4.0915, 4.092, 4.0925, 4.093, 4.0935, 4.094, 4.0945, 4.095, 4.0955, 
4.096, 4.0965, 4.097, 4.0975, 4.098, 4.0985, 4.099, 4.0995, 4.1, 4.1005, 4.101, 4.1015, 4.102, 4.1025, 4.103, 4.1035, 
4.104, 4.1045, 4.105, 4.1055, 4.106, 4.1065, 4.107, 4.1075, 4.108, 4.1085, 4.109, 4.1095, 4.11, 4.1105, 4.111, 4.1115, 
4.112, 4.1125, 4.113, 4.1135, 4.114, 4.1145, 4.115, 4.1155, 4.116, 4.1165, 4.117, 4.1175, 4.118, 4.1185, 4.119, 4.1195, 
4.12, 4.1205, 4.121, 4.1215, 4.122, 4.1225, 4.123, 4.1235, 4.124, 4.1245, 4.125, 4.1255, 4.126, 4.1265, 4.127, 4.1275, 
4.128, 4.1285, 4.129, 4.1295, 4.13, 4.1305, 4.131, 4.1315, 4.132, 4.1325, 4.133, 4.1335, 4.134, 4.1345, 4.135, 4.1355, 
4.136, 4.1365, 4.137, 4.1375, 4.138, 4.1385, 4.139, 4.1395, 4.14, 4.1405, 4.141, 4.1415, 4.142, 4.1425, 4.143, 4.1435, 
4.144, 4.1445, 4.145, 4.1455, 4.146, 4.1465, 4.147, 4.1475, 4.148, 4.1485, 4.149, 4.1495, 4.15, 4.1505, 4.151, 4.1515, 
4.152, 4.1525, 4.153, 4.1535, 4.154, 4.1545, 4.155, 4.1555, 4.156, 4.1565, 4.157, 4.1575, 4.158, 4.1585, 4.159, 4.1595, 
4.16, 4.1605, 4.161, 4.1615, 4.162, 4.1625, 4.163, 4.1635, 4.164, 4.1645, 4.165, 4.1655, 4.166, 4.1665, 4.167, 4.1675, 
4.168, 4.1685, 4.169, 4.1695, 4.17, 4.1705, 4.171, 4.1715, 4.172, 4.1725, 4.173, 4.1735, 4.174, 4.1745, 4.175, 4.1755, 
4.176, 4.1765, 4.177, 4.1775, 4.178, 4.1785, 4.179, 4.1795, 4.18, 4.1805, 4.181, 4.1815, 4.182, 4.1825, 4.183, 4.1835, 
4.184, 4.1845, 4.185, 4.1855, 4.186, 4.1865, 4.187, 4.1875, 4.188, 4.1885, 4.189, 4.1895, 4.19, 4.1905, 4.191, 4.1915, 
4.192, 4.1925, 4.193, 4.1935, 4.194, 4.1945, 4.195, 4.1955, 4.196, 4.1965, 4.197, 4.1975, 4.198, 4.1985, 4.199, 4.1995, 
4.2, 4.2005, 4.201, 4.2015, 4.202, 4.2025, 4.203, 4.2035, 4.204, 4.2045, 4.205, 4.2055, 4.206, 4.2065, 4.207, 4.2075, 
4.208, 4.2085, 4.209, 4.2095, 4.21, 4.2105, 4.211, 4.2115, 4.212, 4.2125, 4.213, 4.2135, 4.214, 4.2145, 4.215, 4.2155, 
4.216, 4.2165, 4.217, 4.2175, 4.218, 4.2185, 4.219, 4.2195, 4.22, 4.2205, 4.221, 4.2215, 4.222, 4.2225, 4.223, 4.2235, 
4.224, 4.2245, 4.225, 4.2255, 4.226, 4.2265, 4.227, 4.2275, 4.228, 4.2285, 4.229, 4.2295, 4.23, 4.2305, 4.231, 4.2315, 
4.232, 4.2325, 4.233, 4.2335, 4.234, 4.2345, 4.235, 4.2355, 4.236, 4.2365, 4.237, 4.2375, 4.238, 4.2385, 4.239, 4.2395, 
4.24, 4.2405, 4.241, 4.2415, 4.242, 4.2425, 4.243, 4.2435, 4.244, 4.2445, 4.245, 4.2455, 4.246, 4.2465, 4.247, 4.2475, 
4.248, 4.2485, 4.249, 4.2495, 4.25, 4.2505, 4.251, 4.2515, 4.252, 4.2525, 4.253, 4.2535, 4.254, 4.2545, 4.255, 4.2555, 
4.256, 4.2565, 4.257, 4.2575, 4.258, 4.2585, 4.259, 4.2595, 4.26, 4.2605, 4.261, 4.2615, 4.262, 4.2625, 4.263, 4.2635, 
4.264, 4.2645, 4.265, 4.2655, 4.266, 4.2665, 4.267, 4.2675, 4.268, 4.2685, 4.269, 4.2695, 4.27, 4.2705, 4.271, 4.2715, 
4.272, 4.2725, 4.273, 4.2735, 4.274, 4.2745, 4.275, 4.2755, 4.276, 4.2765, 4.277, 4.2775, 4.278, 4.2785, 4.279, 4.2795, 
4.28, 4.2805, 4.281, 4.2815, 4.282, 4.2825, 4.283, 4.2835, 4.284, 4.2845, 4.285, 4.2855, 4.286, 4.2865, 4.287, 4.2875, 
4.288, 4.2885, 4.289, 4.2895, 4.29, 4.2905, 4.291, 4.2915, 4.292, 4.2925, 4.293, 4.2935, 4.294, 4.2945, 4.295, 4.2955, 
4.296, 4.2965, 4.297, 4.2975, 4.298, 4.2985, 4.299, 4.2995, 4.3, 4.3005, 4.301, 4.3015, 4.302, 4.3025, 4.303, 4.3035, 
4.304, 4.3045, 4.305, 4.3055, 4.306, 4.3065, 4.307, 4.3075, 4.308, 4.3085, 4.309, 4.3095, 4.31, 4.3105, 4.311, 4.3115, 
4.312, 4.3125, 4.313, 4.3135, 4.314, 4.3145, 4.315, 4.3155, 4.316, 4.3165, 4.317, 4.3175, 4.318, 4.3185, 4.319, 4.3195, 
4.32, 4.3205, 4.321, 4.3215, 4.322, 4.3225, 4.323, 4.3235, 4.324, 4.3245, 4.325, 4.3255, 4.326, 4.3265, 4.327, 4.3275, 
4.328, 4.3285, 4.329, 4.3295, 4.33, 4.3305, 4.331, 4.3315, 4.332, 4.3325, 4.333, 4.3335, 4.334, 4.3345, 4.335, 4.3355, 
4.336, 4.3365, 4.337, 4.3375, 4.338, 4.3385, 4.339, 4.3395, 4.34, 4.3405, 4.341, 4.3415, 4.342, 4.3425, 4.343, 4.3435, 
4.344, 4.3445, 4.345, 4.3455, 4.346, 4.3465, 4.347, 4.3475, 4.348, 4.3485, 4.349, 4.3495, 4.35, 4.3505, 4.351, 4.3515, 
4.352, 4.3525, 4.353, 4.3535, 4.354, 4.3545, 4.355, 4.3555, 4.356, 4.3565, 4.357, 4.3575, 4.358, 4.3585, 4.359, 4.3595, 
4.36, 4.3605, 4.361, 4.3615, 4.362, 4.3625, 4.363, 4.3635, 4.364, 4.3645, 4.365, 4.3655, 4.366, 4.3665, 4.367, 4.3675, 
4.368, 4.3685, 4.369, 4.3695, 4.37, 4.3705, 4.371, 4.3715, 4.372, 4.3725, 4.373, 4.3735, 4.374, 4.3745, 4.375, 4.3755, 
4.376, 4.3765, 4.377, 4.3775, 4.378, 4.3785, 4.379, 4.3795, 4.38, 4.3805, 4.381, 4.3815, 4.382, 4.3825, 4.383, 4.3835, 
4.384, 4.3845, 4.385, 4.3855, 4.386, 4.3865, 4.387, 4.3875, 4.388, 4.3885, 4.389, 4.3895, 4.39, 4.3905, 4.391, 4.3915, 
4.392, 4.3925, 4.393, 4.3935, 4.394, 4.3945, 4.395, 4.3955, 4.396, 4.3965, 4.397, 4.3975, 4.398, 4.3985, 4.399, 4.3995, 
4.4, 4.4005, 4.401, 4.4015, 4.402, 4.4025, 4.403, 4.4035, 4.404, 4.4045, 4.405, 4.4055, 4.406, 4.4065, 4.407, 4.4075, 
4.408, 4.4085, 4.409, 4.4095, 4.41, 4.4105, 4.411, 4.4115, 4.412, 4.4125, 4.413, 4.4135, 4.414, 4.4145, 4.415, 4.4155, 
4.416, 4.4165, 4.417, 4.4175, 4.418, 4.4185, 4.419, 4.4195, 4.42, 4.4205, 4.421, 4.4215, 4.422, 4.4225, 4.423, 4.4235, 
4.424, 4.4245, 4.425, 4.4255, 4.426, 4.4265, 4.427, 4.4275, 4.428, 4.4285, 4.429, 4.4295, 4.43, 4.4305, 4.431, 4.4315, 
4.432, 4.4325, 4.433, 4.4335, 4.434, 4.4345, 4.435, 4.4355, 4.436, 4.4365, 4.437, 4.4375, 4.438, 4.4385, 4.439, 4.4395, 
4.44, 4.4405, 4.441, 4.4415, 4.442, 4.4425, 4.443, 4.4435, 4.444, 4.4445, 4.445, 4.4455, 4.446, 4.4465, 4.447, 4.4475, 
4.448, 4.4485, 4.449, 4.4495, 4.45, 4.4505, 4.451, 4.4515, 4.452, 4.4525, 4.453, 4.4535, 4.454, 4.4545, 4.455, 4.4555, 
4.456, 4.4565, 4.457, 4.4575, 4.458, 4.4585, 4.459, 4.4595, 4.46, 4.4605, 4.461, 4.4615, 4.462, 4.4625, 4.463, 4.4635, 
4.464, 4.4645, 4.465, 4.4655, 4.466, 4.4665, 4.467, 4.4675, 4.468, 4.4685, 4.469, 4.4695, 4.47, 4.4705, 4.471, 4.4715, 
4.472, 4.4725, 4.473, 4.4735, 4.474, 4.4745, 4.475, 4.4755, 4.476, 4.4765, 4.477, 4.4775, 4.478, 4.4785, 4.479, 4.4795, 
4.48, 4.4805, 4.481, 4.4815, 4.482, 4.4825, 4.483, 4.4835, 4.484, 4.4845, 4.485, 4.4855, 4.486, 4.4865, 4.487, 4.4875, 
4.488, 4.4885, 4.489, 4.4895, 4.49, 4.4905, 4.491, 4.4915, 4.492, 4.4925, 4.493, 4.4935, 4.494, 4.4945, 4.495, 4.4955, 
4.496, 4.4965, 4.497, 4.4975, 4.498, 4.4985, 4.499, 4.4995, 4.5, 4.5005, 4.501, 4.5015, 4.502, 4.5025, 4.503, 4.5035, 
4.504, 4.5045, 4.505, 4.5055, 4.506, 4.5065, 4.507, 4.5075, 4.508, 4.5085, 4.509, 4.5095, 4.51, 4.5105, 4.511, 4.5115, 
4.512, 4.5125, 4.513, 4.5135, 4.514, 4.5145, 4.515, 4.5155, 4.516, 4.5165, 4.517, 4.5175, 4.518, 4.5185, 4.519, 4.5195, 
4.52, 4.5205, 4.521, 4.5215, 4.522, 4.5225, 4.523, 4.5235, 4.524, 4.5245, 4.525, 4.5255, 4.526, 4.5265, 4.527, 4.5275, 
4.528, 4.5285, 4.529, 4.5295, 4.53, 4.5305, 4.531, 4.5315, 4.532, 4.5325, 4.533, 4.5335, 4.534, 4.5345, 4.535, 4.5355, 
4.536, 4.5365, 4.537, 4.5375, 4.538, 4.5385, 4.539, 4.5395, 4.54, 4.5405, 4.541, 4.5415, 4.542, 4.5425, 4.543, 4.5435, 
4.544, 4.5445, 4.545, 4.5455, 4.546, 4.5465, 4.547, 4.5475, 4.548, 4.5485, 4.549, 4.5495, 4.55, 4.5505, 4.551, 4.5515, 
4.552, 4.5525, 4.553, 4.5535, 4.554, 4.5545, 4.555, 4.5555, 4.556, 4.5565, 4.557, 4.5575, 4.558, 4.5585, 4.559, 4.5595, 
4.56, 4.5605, 4.561, 4.5615, 4.562, 4.5625, 4.563, 4.5635, 4.564, 4.5645, 4.565, 4.5655, 4.566, 4.5665, 4.567, 4.5675, 
4.568, 4.5685, 4.569, 4.5695, 4.57, 4.5705, 4.571, 4.5715, 4.572, 4.5725, 4.573, 4.5735, 4.574, 4.5745, 4.575, 4.5755, 
4.576, 4.5765, 4.577, 4.5775, 4.578, 4.5785, 4.579, 4.5795, 4.58, 4.5805, 4.581, 4.5815, 4.582, 4.5825, 4.583, 4.5835, 
4.584, 4.5845, 4.585, 4.5855, 4.586, 4.5865, 4.587, 4.5875, 4.588, 4.5885, 4.589, 4.5895, 4.59, 4.5905, 4.591, 4.5915, 
4.592, 4.5925, 4.593, 4.5935, 4.594, 4.5945, 4.595, 4.5955, 4.596, 4.5965, 4.597, 4.5975, 4.598, 4.5985, 4.599, 4.5995, 
4.6, 4.6005, 4.601, 4.6015, 4.602, 4.6025, 4.603, 4.6035, 4.604, 4.6045, 4.605, 4.6055, 4.606, 4.6065, 4.607, 4.6075, 
4.608, 4.6085, 4.609, 4.6095, 4.61, 4.6105, 4.611, 4.6115, 4.612, 4.6125, 4.613, 4.6135, 4.614, 4.6145, 4.615, 4.6155, 
4.616, 4.6165, 4.617, 4.6175, 4.618, 4.6185, 4.619, 4.6195, 4.62, 4.6205, 4.621, 4.6215, 4.622, 4.6225, 4.623, 4.6235, 
4.624, 4.6245, 4.625, 4.6255, 4.626, 4.6265, 4.627, 4.6275, 4.628, 4.6285, 4.629, 4.6295, 4.63, 4.6305, 4.631, 4.6315, 
4.632, 4.6325, 4.633, 4.6335, 4.634, 4.6345, 4.635, 4.6355, 4.636, 4.6365, 4.637, 4.6375, 4.638, 4.6385, 4.639, 4.6395, 
4.64, 4.6405, 4.641, 4.6415, 4.642, 4.6425, 4.643, 4.6435, 4.644, 4.6445, 4.645, 4.6455, 4.646, 4.6465, 4.647, 4.6475, 
4.648, 4.6485, 4.649, 4.6495, 4.65, 4.6505, 4.651, 4.6515, 4.652, 4.6525, 4.653, 4.6535, 4.654, 4.6545, 4.655, 4.6555, 
4.656, 4.6565, 4.657, 4.6575, 4.658, 4.6585, 4.659, 4.6595, 4.66, 4.6605, 4.661, 4.6615, 4.662, 4.6625, 4.663, 4.6635, 
4.664, 4.6645, 4.665, 4.6655, 4.666, 4.6665, 4.667, 4.6675, 4.668, 4.6685, 4.669, 4.6695, 4.67, 4.6705, 4.671, 4.6715, 
4.672, 4.6725, 4.673, 4.6735, 4.674, 4.6745, 4.675, 4.6755, 4.676, 4.6765, 4.677, 4.6775, 4.678, 4.6785, 4.679, 4.6795, 
4.68, 4.6805, 4.681, 4.6815, 4.682, 4.6825, 4.683, 4.6835, 4.684, 4.6845, 4.685, 4.6855, 4.686, 4.6865, 4.687, 4.6875, 
4.688, 4.6885, 4.689, 4.6895, 4.69, 4.6905, 4.691, 4.6915, 4.692, 4.6925, 4.693, 4.6935, 4.694, 4.6945, 4.695, 4.6955, 
4.696, 4.6965, 4.697, 4.6975, 4.698, 4.6985, 4.699, 4.6995, 4.7, 4.7005, 4.701, 4.7015, 4.702, 4.7025, 4.703, 4.7035, 
4.704, 4.7045, 4.705, 4.7055, 4.706, 4.7065, 4.707, 4.7075, 4.708, 4.7085, 4.709, 4.7095, 4.71, 4.7105, 4.711, 4.7115, 
4.712, 4.7125, 4.713, 4.7135, 4.714, 4.7145, 4.715, 4.7155, 4.716, 4.7165, 4.717, 4.7175, 4.718, 4.7185, 4.719, 4.7195, 
4.72, 4.7205, 4.721, 4.7215, 4.722, 4.7225, 4.723, 4.7235, 4.724, 4.7245, 4.725, 4.7255, 4.726, 4.7265, 4.727, 4.7275, 
4.728, 4.7285, 4.729, 4.7295, 4.73, 4.7305, 4.731, 4.7315, 4.732, 4.7325, 4.733, 4.7335, 4.734, 4.7345, 4.735, 4.7355, 
4.736, 4.7365, 4.737, 4.7375, 4.738, 4.7385, 4.739, 4.7395, 4.74, 4.7405, 4.741, 4.7415, 4.742, 4.7425, 4.743, 4.7435, 
4.744, 4.7445, 4.745, 4.7455, 4.746, 4.7465, 4.747, 4.7475, 4.748, 4.7485, 4.749, 4.7495, 4.75, 4.7505, 4.751, 4.7515, 
4.752, 4.7525, 4.753, 4.7535, 4.754, 4.7545, 4.755, 4.7555, 4.756, 4.7565, 4.757, 4.7575, 4.758, 4.7585, 4.759, 4.7595, 
4.76, 4.7605, 4.761, 4.7615, 4.762, 4.7625, 4.763, 4.7635, 4.764, 4.7645, 4.765, 4.7655, 4.766, 4.7665, 4.767, 4.7675, 
4.768, 4.7685, 4.769, 4.7695, 4.77, 4.7705, 4.771, 4.7715, 4.772, 4.7725, 4.773, 4.7735, 4.774, 4.7745, 4.775, 4.7755, 
4.776, 4.7765, 4.777, 4.7775, 4.778, 4.7785, 4.779, 4.7795, 4.78, 4.7805, 4.781, 4.7815, 4.782, 4.7825, 4.783, 4.7835, 
4.784, 4.7845, 4.785, 4.7855, 4.786, 4.7865, 4.787, 4.7875, 4.788, 4.7885, 4.789, 4.7895, 4.79, 4.7905, 4.791, 4.7915, 
4.792, 4.7925, 4.793, 4.7935, 4.794, 4.7945, 4.795, 4.7955, 4.796, 4.7965, 4.797, 4.7975, 4.798, 4.7985, 4.799, 4.7995, 
4.8, 4.8005, 4.801, 4.8015, 4.802, 4.8025, 4.803, 4.8035, 4.804, 4.8045, 4.805, 4.8055, 4.806, 4.8065, 4.807, 4.8075, 
4.808, 4.8085, 4.809, 4.8095, 4.81, 4.8105, 4.811, 4.8115, 4.812, 4.8125, 4.813, 4.8135, 4.814, 4.8145, 4.815, 4.8155, 
4.816, 4.8165, 4.817, 4.8175, 4.818, 4.8185, 4.819, 4.8195, 4.82, 4.8205, 4.821, 4.8215, 4.822, 4.8225, 4.823, 4.8235, 
4.824, 4.8245, 4.825, 4.8255, 4.826, 4.8265, 4.827, 4.8275, 4.828, 4.8285, 4.829, 4.8295, 4.83, 4.8305, 4.831, 4.8315, 
4.832, 4.8325, 4.833, 4.8335, 4.834, 4.8345, 4.835, 4.8355, 4.836, 4.8365, 4.837, 4.8375, 4.838, 4.8385, 4.839, 4.8395, 
4.84, 4.8405, 4.841, 4.8415, 4.842, 4.8425, 4.843, 4.8435, 4.844, 4.8445, 4.845, 4.8455, 4.846, 4.8465, 4.847, 4.8475, 
4.848, 4.8485, 4.849, 4.8495, 4.85, 4.8505, 4.851, 4.8515, 4.852, 4.8525, 4.853, 4.8535, 4.854, 4.8545, 4.855, 4.8555, 
4.856, 4.8565, 4.857, 4.8575, 4.858, 4.8585, 4.859, 4.8595, 4.86, 4.8605, 4.861, 4.8615, 4.862, 4.8625, 4.863, 4.8635, 
4.864, 4.8645, 4.865, 4.8655, 4.866, 4.8665, 4.867, 4.8675, 4.868, 4.8685, 4.869, 4.8695, 4.87, 4.8705, 4.871, 4.8715, 
4.872, 4.8725, 4.873, 4.8735, 4.874, 4.8745, 4.875, 4.8755, 4.876, 4.8765, 4.877, 4.8775, 4.878, 4.8785, 4.879, 4.8795, 
4.88, 4.8805, 4.881, 4.8815, 4.882, 4.8825, 4.883, 4.8835, 4.884, 4.8845, 4.885, 4.8855, 4.886, 4.8865, 4.887, 4.8875, 
4.888, 4.8885, 4.889, 4.8895, 4.89, 4.8905, 4.891, 4.8915, 4.892, 4.8925, 4.893, 4.8935, 4.894, 4.8945, 4.895, 4.8955, 
4.896, 4.8965, 4.897, 4.8975, 4.898, 4.8985, 4.899, 4.8995, 4.9, 4.9005, 4.901, 4.9015, 4.902, 4.9025, 4.903, 4.9035, 
4.904, 4.9045, 4.905, 4.9055, 4.906, 4.9065, 4.907, 4.9075, 4.908, 4.9085, 4.909, 4.9095, 4.91, 4.9105, 4.911, 4.9115, 
4.912, 4.9125, 4.913, 4.9135, 4.914, 4.9145, 4.915, 4.9155, 4.916, 4.9165, 4.917, 4.9175, 4.918, 4.9185, 4.919, 4.9195, 
4.92, 4.9205, 4.921, 4.9215, 4.922, 4.9225, 4.923, 4.9235, 4.924, 4.9245, 4.925, 4.9255, 4.926, 4.9265, 4.927, 4.9275, 
4.928, 4.9285, 4.929, 4.9295, 4.93, 4.9305, 4.931, 4.9315, 4.932, 4.9325, 4.933, 4.9335, 4.934, 4.9345, 4.935, 4.9355, 
4.936, 4.9365, 4.937, 4.9375, 4.938, 4.9385, 4.939, 4.9395, 4.94, 4.9405, 4.941, 4.9415, 4.942, 4.9425, 4.943, 4.9435, 
4.944, 4.9445, 4.945, 4.9455, 4.946, 4.9465, 4.947, 4.9475, 4.948, 4.9485, 4.949, 4.9495, 4.95, 4.9505, 4.951, 4.9515, 
4.952, 4.9525, 4.953, 4.9535, 4.954, 4.9545, 4.955, 4.9555, 4.956, 4.9565, 4.957, 4.9575, 4.958, 4.9585, 4.959, 4.9595, 
4.96, 4.9605, 4.961, 4.9615, 4.962, 4.9625, 4.963, 4.9635, 4.964, 4.9645, 4.965, 4.9655, 4.966, 4.9665, 4.967, 4.9675, 
4.968, 4.9685, 4.969, 4.9695, 4.97, 4.9705, 4.971, 4.9715, 4.972, 4.9725, 4.973, 4.9735, 4.974, 4.9745, 4.975, 4.9755, 
4.976, 4.9765, 4.977, 4.9775, 4.978, 4.9785, 4.979, 4.9795, 4.98, 4.9805, 4.981, 4.9815, 4.982, 4.9825, 4.983, 4.9835, 
4.984, 4.9845, 4.985, 4.9855, 4.986, 4.9865, 4.987, 4.9875, 4.988, 4.9885, 4.989, 4.9895, 4.99, 4.9905, 4.991, 4.9915, 
4.992, 4.9925, 4.993, 4.9935, 4.994, 4.9945, 4.995, 4.9955, 4.996, 4.9965, 4.997, 4.9975, 4.998, 4.9985, 4.999, 4.9995, 
5, 5.0005, 5.001, 5.0015, 5.002, 5.0025, 5.003, 5.0035, 5.004, 5.0045, 5.005, 5.0055, 5.006, 5.0065, 5.007, 5.0075, 
5.008, 5.0085, 5.009, 5.0095, 5.01, 5.0105, 5.011, 5.0115, 5.012, 5.0125, 5.013, 5.0135, 5.014, 5.0145, 5.015, 5.0155, 
5.016, 5.0165, 5.017, 5.0175, 5.018, 5.0185, 5.019, 5.0195, 5.02, 5.0205, 5.021, 5.0215, 5.022, 5.0225, 5.023, 5.0235, 
5.024, 5.0245, 5.025, 5.0255, 5.026, 5.0265, 5.027, 5.0275, 5.028, 5.0285, 5.029, 5.0295, 5.03, 5.0305, 5.031, 5.0315, 
5.032, 5.0325, 5.033, 5.0335, 5.034, 5.0345, 5.035, 5.0355, 5.036, 5.0365, 5.037, 5.0375, 5.038, 5.0385, 5.039, 5.0395, 
5.04, 5.0405, 5.041, 5.0415, 5.042, 5.0425, 5.043, 5.0435, 5.044, 5.0445, 5.045, 5.0455, 5.046, 5.0465, 5.047, 5.0475, 
5.048, 5.0485, 5.049, 5.0495, 5.05, 5.0505, 5.051, 5.0515, 5.052, 5.0525, 5.053, 5.0535, 5.054, 5.0545, 5.055, 5.0555, 
5.056, 5.0565, 5.057, 5.0575, 5.058, 5.0585, 5.059, 5.0595, 5.06, 5.0605, 5.061, 5.0615, 5.062, 5.0625, 5.063, 5.0635, 
5.064, 5.0645, 5.065, 5.0655, 5.066, 5.0665, 5.067, 5.0675, 5.068, 5.0685, 5.069, 5.0695, 5.07, 5.0705, 5.071, 5.0715, 
5.072, 5.0725, 5.073, 5.0735, 5.074, 5.0745, 5.075, 5.0755, 5.076, 5.0765, 5.077, 5.0775, 5.078, 5.0785, 5.079, 5.0795, 
5.08, 5.0805, 5.081, 5.0815, 5.082, 5.0825, 5.083, 5.0835, 5.084, 5.0845, 5.085, 5.0855, 5.086, 5.0865, 5.087, 5.0875, 
5.088, 5.0885, 5.089, 5.0895, 5.09, 5.0905, 5.091, 5.0915, 5.092, 5.0925, 5.093, 5.0935, 5.094, 5.0945, 5.095, 5.0955, 
5.096, 5.0965, 5.097, 5.0975, 5.098, 5.0985, 5.099, 5.0995, 5.1, 5.1005, 5.101, 5.1015, 5.102, 5.1025, 5.103, 5.1035, 
5.104, 5.1045, 5.105, 5.1055, 5.106, 5.1065, 5.107, 5.1075, 5.108, 5.1085, 5.109, 5.1095, 5.11, 5.1105, 5.111, 5.1115, 
5.112, 5.1125, 5.113, 5.1135, 5.114, 5.1145, 5.115, 5.1155, 5.116, 5.1165, 5.117, 5.1175, 5.118, 5.1185, 5.119, 5.1195, 
5.12, 5.1205, 5.121, 5.1215, 5.122, 5.1225, 5.123, 5.1235, 5.124, 5.1245, 5.125, 5.1255, 5.126, 5.1265, 5.127, 5.1275, 
5.128, 5.1285, 5.129, 5.1295, 5.13, 5.1305, 5.131, 5.1315, 5.132, 5.1325, 5.133, 5.1335, 5.134, 5.1345, 5.135, 5.1355, 
5.136, 5.1365, 5.137, 5.1375, 5.138, 5.1385, 5.139, 5.1395, 5.14, 5.1405, 5.141, 5.1415, 5.142, 5.1425, 5.143, 5.1435, 
5.144, 5.1445, 5.145, 5.1455, 5.146, 5.1465, 5.147, 5.1475, 5.148, 5.1485, 5.149, 5.1495, 5.15, 5.1505, 5.151, 5.1515, 
5.152, 5.1525, 5.153, 5.1535, 5.154, 5.1545, 5.155, 5.1555, 5.156, 5.1565, 5.157, 5.1575, 5.158, 5.1585, 5.159, 5.1595, 
5.16, 5.1605, 5.161, 5.1615, 5.162, 5.1625, 5.163, 5.1635, 5.164, 5.1645, 5.165, 5.1655, 5.166, 5.1665, 5.167, 5.1675, 
5.168, 5.1685, 5.169, 5.1695, 5.17, 5.1705, 5.171, 5.1715, 5.172, 5.1725, 5.173, 5.1735, 5.174, 5.1745, 5.175, 5.1755, 
5.176, 5.1765, 5.177, 5.1775, 5.178, 5.1785, 5.179, 5.1795, 5.18, 5.1805, 5.181, 5.1815, 5.182, 5.1825, 5.183, 5.1835, 
5.184, 5.1845, 5.185, 5.1855, 5.186, 5.1865, 5.187, 5.1875, 5.188, 5.1885, 5.189, 5.1895, 5.19, 5.1905, 5.191, 5.1915, 
5.192, 5.1925, 5.193, 5.1935, 5.194, 5.1945, 5.195, 5.1955, 5.196, 5.1965, 5.197, 5.1975, 5.198, 5.1985, 5.199, 5.1995, 
5.2, 5.2005, 5.201, 5.2015, 5.202, 5.2025, 5.203, 5.2035, 5.204, 5.2045, 5.205, 5.2055, 5.206, 5.2065, 5.207, 5.2075, 
5.208, 5.2085, 5.209, 5.2095, 5.21, 5.2105, 5.211, 5.2115, 5.212, 5.2125, 5.213, 5.2135, 5.214, 5.2145, 5.215, 5.2155, 
5.216, 5.2165, 5.217, 5.2175, 5.218, 5.2185, 5.219, 5.2195, 5.22, 5.2205, 5.221, 5.2215, 5.222, 5.2225, 5.223, 5.2235, 
5.224, 5.2245, 5.225, 5.2255, 5.226, 5.2265, 5.227, 5.2275, 5.228, 5.2285, 5.229, 5.2295, 5.23, 5.2305, 5.231, 5.2315, 
5.232, 5.2325, 5.233, 5.2335, 5.234, 5.2345, 5.235, 5.2355, 5.236, 5.2365, 5.237, 5.2375, 5.238, 5.2385, 5.239, 5.2395, 
5.24, 5.2405, 5.241, 5.2415, 5.242, 5.2425, 5.243, 5.2435, 5.244, 5.2445, 5.245, 5.2455, 5.246, 5.2465, 5.247, 5.2475, 
5.248, 5.2485, 5.249, 5.2495, 5.25, 5.2505, 5.251, 5.2515, 5.252, 5.2525, 5.253, 5.2535, 5.254, 5.2545, 5.255, 5.2555, 
5.256, 5.2565, 5.257, 5.2575, 5.258, 5.2585, 5.259, 5.2595, 5.26, 5.2605, 5.261, 5.2615, 5.262, 5.2625, 5.263, 5.2635, 
5.264, 5.2645, 5.265, 5.2655, 5.266, 5.2665, 5.267, 5.2675, 5.268, 5.2685, 5.269, 5.2695, 5.27, 5.2705, 5.271, 5.2715, 
5.272, 5.2725, 5.273, 5.2735, 5.274, 5.2745, 5.275, 5.2755, 5.276, 5.2765, 5.277, 5.2775, 5.278, 5.2785, 5.279, 5.2795, 
5.28, 5.2805, 5.281, 5.2815, 5.282, 5.2825, 5.283, 5.2835, 5.284, 5.2845, 5.285, 5.2855, 5.286, 5.2865, 5.287, 5.2875, 
5.288, 5.2885, 5.289, 5.2895, 5.29, 5.2905, 5.291, 5.2915, 5.292, 5.2925, 5.293, 5.2935, 5.294, 5.2945, 5.295, 5.2955, 
5.296, 5.2965, 5.297, 5.2975, 5.298, 5.2985, 5.299, 5.2995, 5.3, 5.3005, 5.301, 5.3015, 5.302, 5.3025, 5.303, 5.3035, 
5.304, 5.3045, 5.305, 5.3055, 5.306, 5.3065, 5.307, 5.3075, 5.308, 5.3085, 5.309, 5.3095, 5.31, 5.3105, 5.311, 5.3115, 
5.312, 5.3125, 5.313, 5.3135, 5.314, 5.3145, 5.315, 5.3155, 5.316, 5.3165, 5.317, 5.3175, 5.318, 5.3185, 5.319, 5.3195, 
5.32, 5.3205, 5.321, 5.3215, 5.322, 5.3225, 5.323, 5.3235, 5.324, 5.3245, 5.325, 5.3255, 5.326, 5.3265, 5.327, 5.3275, 
5.328, 5.3285, 5.329, 5.3295, 5.33, 5.3305, 5.331, 5.3315, 5.332, 5.3325, 5.333, 5.3335, 5.334, 5.3345, 5.335, 5.3355, 
5.336, 5.3365, 5.337, 5.3375, 5.338, 5.3385, 5.339, 5.3395, 5.34, 5.3405, 5.341, 5.3415, 5.342, 5.3425, 5.343, 5.3435, 
5.344, 5.3445, 5.345, 5.3455, 5.346, 5.3465, 5.347, 5.3475, 5.348, 5.3485, 5.349, 5.3495, 5.35, 5.3505, 5.351, 5.3515, 
5.352, 5.3525, 5.353, 5.3535, 5.354, 5.3545, 5.355, 5.3555, 5.356, 5.3565, 5.357, 5.3575, 5.358, 5.3585, 5.359, 5.3595, 
5.36, 5.3605, 5.361, 5.3615, 5.362, 5.3625, 5.363, 5.3635, 5.364, 5.3645, 5.365, 5.3655, 5.366, 5.3665, 5.367, 5.3675, 
5.368, 5.3685, 5.369, 5.3695, 5.37, 5.3705, 5.371, 5.3715, 5.372, 5.3725, 5.373, 5.3735, 5.374, 5.3745, 5.375, 5.3755, 
5.376, 5.3765, 5.377, 5.3775, 5.378, 5.3785, 5.379, 5.3795, 5.38, 5.3805, 5.381, 5.3815, 5.382, 5.3825, 5.383, 5.3835, 
5.384, 5.3845, 5.385, 5.3855, 5.386, 5.3865, 5.387, 5.3875, 5.388, 5.3885, 5.389, 5.3895, 5.39, 5.3905, 5.391, 5.3915, 
5.392, 5.3925, 5.393, 5.3935, 5.394, 5.3945, 5.395, 5.3955, 5.396, 5.3965, 5.397, 5.3975, 5.398, 5.3985, 5.399, 5.3995, 
5.4, 5.4005, 5.401, 5.4015, 5.402, 5.4025, 5.403, 5.4035, 5.404, 5.4045, 5.405, 5.4055, 5.406, 5.4065, 5.407, 5.4075, 
5.408, 5.4085, 5.409, 5.4095, 5.41, 5.4105, 5.411, 5.4115, 5.412, 5.4125, 5.413, 5.4135, 5.414, 5.4145, 5.415, 5.4155, 
5.416, 5.4165, 5.417, 5.4175, 5.418, 5.4185, 5.419, 5.4195, 5.42, 5.4205, 5.421, 5.4215, 5.422, 5.4225, 5.423, 5.4235, 
5.424, 5.4245, 5.425, 5.4255, 5.426, 5.4265, 5.427, 5.4275, 5.428, 5.4285, 5.429, 5.4295, 5.43, 5.4305, 5.431, 5.4315, 
5.432, 5.4325, 5.433, 5.4335, 5.434, 5.4345, 5.435, 5.4355, 5.436, 5.4365, 5.437, 5.4375, 5.438, 5.4385, 5.439, 5.4395, 
5.44, 5.4405, 5.441, 5.4415, 5.442, 5.4425, 5.443, 5.4435, 5.444, 5.4445, 5.445, 5.4455, 5.446, 5.4465, 5.447, 5.4475, 
5.448, 5.4485, 5.449, 5.4495, 5.45, 5.4505, 5.451, 5.4515, 5.452, 5.4525, 5.453, 5.4535, 5.454, 5.4545, 5.455, 5.4555, 
5.456, 5.4565, 5.457, 5.4575, 5.458, 5.4585, 5.459, 5.4595, 5.46, 5.4605, 5.461, 5.4615, 5.462, 5.4625, 5.463, 5.4635, 
5.464, 5.4645, 5.465, 5.4655, 5.466, 5.4665, 5.467, 5.4675, 5.468, 5.4685, 5.469, 5.4695, 5.47, 5.4705, 5.471, 5.4715, 
5.472, 5.4725, 5.473, 5.4735, 5.474, 5.4745, 5.475, 5.4755, 5.476, 5.4765, 5.477, 5.4775, 5.478, 5.4785, 5.479, 5.4795, 
5.48, 5.4805, 5.481, 5.4815, 5.482, 5.4825, 5.483, 5.4835, 5.484, 5.4845, 5.485, 5.4855, 5.486, 5.4865, 5.487, 5.4875, 
5.488, 5.4885, 5.489, 5.4895, 5.49, 5.4905, 5.491, 5.4915, 5.492, 5.4925, 5.493, 5.4935, 5.494, 5.4945, 5.495, 5.4955, 
5.496, 5.4965, 5.497, 5.4975, 5.498, 5.4985, 5.499, 5.4995, 5.5, 5.5005, 5.501, 5.5015, 5.502, 5.5025, 5.503, 5.5035, 
5.504, 5.5045, 5.505, 5.5055, 5.506, 5.5065, 5.507, 5.5075, 5.508, 5.5085, 5.509, 5.5095, 5.51, 5.5105, 5.511, 5.5115, 
5.512, 5.5125, 5.513, 5.5135, 5.514, 5.5145, 5.515, 5.5155, 5.516, 5.5165, 5.517, 5.5175, 5.518, 5.5185, 5.519, 5.5195, 
5.52, 5.5205, 5.521, 5.5215, 5.522, 5.5225, 5.523, 5.5235, 5.524, 5.5245, 5.525, 5.5255, 5.526, 5.5265, 5.527, 5.5275, 
5.528, 5.5285, 5.529, 5.5295, 5.53, 5.5305, 5.531, 5.5315, 5.532, 5.5325, 5.533, 5.5335, 5.534, 5.5345, 5.535, 5.5355, 
5.536, 5.5365, 5.537, 5.5375, 5.538, 5.5385, 5.539, 5.5395, 5.54, 5.5405, 5.541, 5.5415, 5.542, 5.5425, 5.543, 5.5435, 
5.544, 5.5445, 5.545, 5.5455, 5.546, 5.5465, 5.547, 5.5475, 5.548, 5.5485, 5.549, 5.5495, 5.55, 5.5505, 5.551, 5.5515, 
5.552, 5.5525, 5.553, 5.5535, 5.554, 5.5545, 5.555, 5.5555, 5.556, 5.5565, 5.557, 5.5575, 5.558, 5.5585, 5.559, 5.5595, 
5.56, 5.5605, 5.561, 5.5615, 5.562, 5.5625, 5.563, 5.5635, 5.564, 5.5645, 5.565, 5.5655, 5.566, 5.5665, 5.567, 5.5675, 
5.568, 5.5685, 5.569, 5.5695, 5.57, 5.5705, 5.571, 5.5715, 5.572, 5.5725, 5.573, 5.5735, 5.574, 5.5745, 5.575, 5.5755, 
5.576, 5.5765, 5.577, 5.5775, 5.578, 5.5785, 5.579, 5.5795, 5.58, 5.5805, 5.581, 5.5815, 5.582, 5.5825, 5.583, 5.5835, 
5.584, 5.5845, 5.585, 5.5855, 5.586, 5.5865, 5.587, 5.5875, 5.588, 5.5885, 5.589, 5.5895, 5.59, 5.5905, 5.591, 5.5915, 
5.592, 5.5925, 5.593, 5.5935, 5.594, 5.5945, 5.595, 5.5955, 5.596, 5.5965, 5.597, 5.5975, 5.598, 5.5985, 5.599, 5.5995, 
5.6, 5.6005, 5.601, 5.6015, 5.602, 5.6025, 5.603, 5.6035, 5.604, 5.6045, 5.605, 5.6055, 5.606, 5.6065, 5.607, 5.6075, 
5.608, 5.6085, 5.609, 5.6095, 5.61, 5.6105, 5.611, 5.6115, 5.612, 5.6125, 5.613, 5.6135, 5.614, 5.6145, 5.615, 5.6155, 
5.616, 5.6165, 5.617, 5.6175, 5.618, 5.6185, 5.619, 5.6195, 5.62, 5.6205, 5.621, 5.6215, 5.622, 5.6225, 5.623, 5.6235, 
5.624, 5.6245, 5.625, 5.6255, 5.626, 5.6265, 5.627, 5.6275, 5.628, 5.6285, 5.629, 5.6295, 5.63, 5.6305, 5.631, 5.6315, 
5.632, 5.6325, 5.633, 5.6335, 5.634, 5.6345, 5.635, 5.6355, 5.636, 5.6365, 5.637, 5.6375, 5.638, 5.6385, 5.639, 5.6395, 
5.64, 5.6405, 5.641, 5.6415, 5.642, 5.6425, 5.643, 5.6435, 5.644, 5.6445, 5.645, 5.6455, 5.646, 5.6465, 5.647, 5.6475, 
5.648, 5.6485, 5.649, 5.6495, 5.65, 5.6505, 5.651, 5.6515, 5.652, 5.6525, 5.653, 5.6535, 5.654, 5.6545, 5.655, 5.6555, 
5.656, 5.6565, 5.657, 5.6575, 5.658, 5.6585, 5.659, 5.6595, 5.66, 5.6605, 5.661, 5.6615, 5.662, 5.6625, 5.663, 5.6635, 
5.664, 5.6645, 5.665, 5.6655, 5.666, 5.6665, 5.667, 5.6675, 5.668, 5.6685, 5.669, 5.6695, 5.67, 5.6705, 5.671, 5.6715, 
5.672, 5.6725, 5.673, 5.6735, 5.674, 5.6745, 5.675, 5.6755, 5.676, 5.6765, 5.677, 5.6775, 5.678, 5.6785, 5.679, 5.6795, 
5.68, 5.6805, 5.681, 5.6815, 5.682, 5.6825, 5.683, 5.6835, 5.684, 5.6845, 5.685, 5.6855, 5.686, 5.6865, 5.687, 5.6875, 
5.688, 5.6885, 5.689, 5.6895, 5.69, 5.6905, 5.691, 5.6915, 5.692, 5.6925, 5.693, 5.6935, 5.694, 5.6945, 5.695, 5.6955, 
5.696, 5.6965, 5.697, 5.6975, 5.698, 5.6985, 5.699, 5.6995, 5.7, 5.7005, 5.701, 5.7015, 5.702, 5.7025, 5.703, 5.7035, 
5.704, 5.7045, 5.705, 5.7055, 5.706, 5.7065, 5.707, 5.7075, 5.708, 5.7085, 5.709, 5.7095, 5.71, 5.7105, 5.711, 5.7115, 
5.712, 5.7125, 5.713, 5.7135, 5.714, 5.7145, 5.715, 5.7155, 5.716, 5.7165, 5.717, 5.7175, 5.718, 5.7185, 5.719, 5.7195, 
5.72, 5.7205, 5.721, 5.7215, 5.722, 5.7225, 5.723, 5.7235, 5.724, 5.7245, 5.725, 5.7255, 5.726, 5.7265, 5.727, 5.7275, 
5.728, 5.7285, 5.729, 5.7295, 5.73, 5.7305, 5.731, 5.7315, 5.732, 5.7325, 5.733, 5.7335, 5.734, 5.7345, 5.735, 5.7355, 
5.736, 5.7365, 5.737, 5.7375, 5.738, 5.7385, 5.739, 5.7395, 5.74, 5.7405, 5.741, 5.7415, 5.742, 5.7425, 5.743, 5.7435, 
5.744, 5.7445, 5.745, 5.7455, 5.746, 5.7465, 5.747, 5.7475, 5.748, 5.7485, 5.749, 5.7495, 5.75, 5.7505, 5.751, 5.7515, 
5.752, 5.7525, 5.753, 5.7535, 5.754, 5.7545, 5.755, 5.7555, 5.756, 5.7565, 5.757, 5.7575, 5.758, 5.7585, 5.759, 5.7595, 
5.76, 5.7605, 5.761, 5.7615, 5.762, 5.7625, 5.763, 5.7635, 5.764, 5.7645, 5.765, 5.7655, 5.766, 5.7665, 5.767, 5.7675, 
5.768, 5.7685, 5.769, 5.7695, 5.77, 5.7705, 5.771, 5.7715, 5.772, 5.7725, 5.773, 5.7735, 5.774, 5.7745, 5.775, 5.7755, 
5.776, 5.7765, 5.777, 5.7775, 5.778, 5.7785, 5.779, 5.7795, 5.78, 5.7805, 5.781, 5.7815, 5.782, 5.7825, 5.783, 5.7835, 
5.784, 5.7845, 5.785, 5.7855, 5.786, 5.7865, 5.787, 5.7875, 5.788, 5.7885, 5.789, 5.7895, 5.79, 5.7905, 5.791, 5.7915, 
5.792, 5.7925, 5.793, 5.7935, 5.794, 5.7945, 5.795, 5.7955, 5.796, 5.7965, 5.797, 5.7975, 5.798, 5.7985, 5.799, 5.7995, 
5.8, 5.8005, 5.801, 5.8015, 5.802, 5.8025, 5.803, 5.8035, 5.804, 5.8045, 5.805, 5.8055, 5.806, 5.8065, 5.807, 5.8075, 
5.808, 5.8085, 5.809, 5.8095, 5.81, 5.8105, 5.811, 5.8115, 5.812, 5.8125, 5.813, 5.8135, 5.814, 5.8145, 5.815, 5.8155, 
5.816, 5.8165, 5.817, 5.8175, 5.818, 5.8185, 5.819, 5.8195, 5.82, 5.8205, 5.821, 5.8215, 5.822, 5.8225, 5.823, 5.8235, 
5.824, 5.8245, 5.825, 5.8255, 5.826, 5.8265, 5.827, 5.8275, 5.828, 5.8285, 5.829, 5.8295, 5.83, 5.8305, 5.831, 5.8315, 
5.832, 5.8325, 5.833, 5.8335, 5.834, 5.8345, 5.835, 5.8355, 5.836, 5.8365, 5.837, 5.8375, 5.838, 5.8385, 5.839, 5.8395, 
5.84, 5.8405, 5.841, 5.8415, 5.842, 5.8425, 5.843, 5.8435, 5.844, 5.8445, 5.845, 5.8455, 5.846, 5.8465, 5.847, 5.8475, 
5.848, 5.8485, 5.849, 5.8495, 5.85, 5.8505, 5.851, 5.8515, 5.852, 5.8525, 5.853, 5.8535, 5.854, 5.8545, 5.855, 5.8555, 
5.856, 5.8565, 5.857, 5.8575, 5.858, 5.8585, 5.859, 5.8595, 5.86, 5.8605, 5.861, 5.8615, 5.862, 5.8625, 5.863, 5.8635, 
5.864, 5.8645, 5.865, 5.8655, 5.866, 5.8665, 5.867, 5.8675, 5.868, 5.8685, 5.869, 5.8695, 5.87, 5.8705, 5.871, 5.8715, 
5.872, 5.8725, 5.873, 5.8735, 5.874, 5.8745, 5.875, 5.8755, 5.876, 5.8765, 5.877, 5.8775, 5.878, 5.8785, 5.879, 5.8795, 
5.88, 5.8805, 5.881, 5.8815, 5.882, 5.8825, 5.883, 5.8835, 5.884, 5.8845, 5.885, 5.8855, 5.886, 5.8865, 5.887, 5.8875, 
5.888, 5.8885, 5.889, 5.8895, 5.89, 5.8905, 5.891, 5.8915, 5.892, 5.8925, 5.893, 5.8935, 5.894, 5.8945, 5.895, 5.8955, 
5.896, 5.8965, 5.897, 5.8975, 5.898, 5.8985, 5.899, 5.8995, 5.9, 5.9005, 5.901, 5.9015, 5.902, 5.9025, 5.903, 5.9035, 
5.904, 5.9045, 5.905, 5.9055, 5.906, 5.9065, 5.907, 5.9075, 5.908, 5.9085, 5.909, 5.9095, 5.91, 5.9105, 5.911, 5.9115, 
5.912, 5.9125, 5.913, 5.9135, 5.914, 5.9145, 5.915, 5.9155, 5.916, 5.9165, 5.917, 5.9175, 5.918, 5.9185, 5.919, 5.9195, 
5.92, 5.9205, 5.921, 5.9215, 5.922, 5.9225, 5.923, 5.9235, 5.924, 5.9245, 5.925, 5.9255, 5.926, 5.9265, 5.927, 5.9275, 
5.928, 5.9285, 5.929, 5.9295, 5.93, 5.9305, 5.931, 5.9315, 5.932, 5.9325, 5.933, 5.9335, 5.934, 5.9345, 5.935, 5.9355, 
5.936, 5.9365, 5.937, 5.9375, 5.938, 5.9385, 5.939, 5.9395, 5.94, 5.9405, 5.941, 5.9415, 5.942, 5.9425, 5.943, 5.9435, 
5.944, 5.9445, 5.945, 5.9455, 5.946, 5.9465, 5.947, 5.9475, 5.948, 5.9485, 5.949, 5.9495, 5.95, 5.9505, 5.951, 5.9515, 
5.952, 5.9525, 5.953, 5.9535, 5.954, 5.9545, 5.955, 5.9555, 5.956, 5.9565, 5.957, 5.9575, 5.958, 5.9585, 5.959, 5.9595, 
5.96, 5.9605, 5.961, 5.9615, 5.962, 5.9625, 5.963, 5.9635, 5.964, 5.9645, 5.965, 5.9655, 5.966, 5.9665, 5.967, 5.9675, 
5.968, 5.9685, 5.969, 5.9695, 5.97, 5.9705, 5.971, 5.9715, 5.972, 5.9725, 5.973, 5.9735, 5.974, 5.9745, 5.975, 5.9755, 
5.976, 5.9765, 5.977, 5.9775, 5.978, 5.9785, 5.979, 5.9795, 5.98, 5.9805, 5.981, 5.9815, 5.982, 5.9825, 5.983, 5.9835, 
5.984, 5.9845, 5.985, 5.9855, 5.986, 5.9865, 5.987, 5.9875, 5.988, 5.9885, 5.989, 5.9895, 5.99, 5.9905, 5.991, 5.9915, 
5.992, 5.9925, 5.993, 5.9935, 5.994, 5.9945, 5.995, 5.9955, 5.996, 5.9965, 5.997, 5.9975, 5.998, 5.9985, 5.999, 5.9995, 
6, 6.0005, 6.001, 6.0015, 6.002, 6.0025, 6.003, 6.0035, 6.004, 6.0045, 6.005, 6.0055, 6.006, 6.0065, 6.007, 6.0075, 
6.008, 6.0085, 6.009, 6.0095, 6.01, 6.0105, 6.011, 6.0115, 6.012, 6.0125, 6.013, 6.0135, 6.014, 6.0145, 6.015, 6.0155, 
6.016, 6.0165, 6.017, 6.0175, 6.018, 6.0185, 6.019, 6.0195, 6.02, 6.0205, 6.021, 6.0215, 6.022, 6.0225, 6.023, 6.0235, 
6.024, 6.0245, 6.025, 6.0255, 6.026, 6.0265, 6.027, 6.0275, 6.028, 6.0285, 6.029, 6.0295, 6.03, 6.0305, 6.031, 6.0315, 
6.032, 6.0325, 6.033, 6.0335, 6.034, 6.0345, 6.035, 6.0355, 6.036, 6.0365, 6.037, 6.0375, 6.038, 6.0385, 6.039, 6.0395, 
6.04, 6.0405, 6.041, 6.0415, 6.042, 6.0425, 6.043, 6.0435, 6.044, 6.0445, 6.045, 6.0455, 6.046, 6.0465, 6.047, 6.0475, 
6.048, 6.0485, 6.049, 6.0495, 6.05, 6.0505, 6.051, 6.0515, 6.052, 6.0525, 6.053, 6.0535, 6.054, 6.0545, 6.055, 6.0555, 
6.056, 6.0565, 6.057, 6.0575, 6.058, 6.0585, 6.059, 6.0595, 6.06, 6.0605, 6.061, 6.0615, 6.062, 6.0625, 6.063, 6.0635, 
6.064, 6.0645, 6.065, 6.0655, 6.066, 6.0665, 6.067, 6.0675, 6.068, 6.0685, 6.069, 6.0695, 6.07, 6.0705, 6.071, 6.0715, 
6.072, 6.0725, 6.073, 6.0735, 6.074, 6.0745, 6.075, 6.0755, 6.076, 6.0765, 6.077, 6.0775, 6.078, 6.0785, 6.079, 6.0795, 
6.08, 6.0805, 6.081, 6.0815, 6.082, 6.0825, 6.083, 6.0835, 6.084, 6.0845, 6.085, 6.0855, 6.086, 6.0865, 6.087, 6.0875, 
6.088, 6.0885, 6.089, 6.0895, 6.09, 6.0905, 6.091, 6.0915, 6.092, 6.0925, 6.093, 6.0935, 6.094, 6.0945, 6.095, 6.0955, 
6.096, 6.0965, 6.097, 6.0975, 6.098, 6.0985, 6.099, 6.0995, 6.1, 6.1005, 6.101, 6.1015, 6.102, 6.1025, 6.103, 6.1035, 
6.104, 6.1045, 6.105, 6.1055, 6.106, 6.1065, 6.107, 6.1075, 6.108, 6.1085, 6.109, 6.1095, 6.11, 6.1105, 6.111, 6.1115, 
6.112, 6.1125, 6.113, 6.1135, 6.114, 6.1145, 6.115, 6.1155, 6.116, 6.1165, 6.117, 6.1175, 6.118, 6.1185, 6.119, 6.1195, 
6.12, 6.1205, 6.121, 6.1215, 6.122, 6.1225, 6.123, 6.1235, 6.124, 6.1245, 6.125, 6.1255, 6.126, 6.1265, 6.127, 6.1275, 
6.128, 6.1285, 6.129, 6.1295, 6.13, 6.1305, 6.131, 6.1315, 6.132, 6.1325, 6.133, 6.1335, 6.134, 6.1345, 6.135, 6.1355, 
6.136, 6.1365, 6.137, 6.1375, 6.138, 6.1385, 6.139, 6.1395, 6.14, 6.1405, 6.141, 6.1415, 6.142, 6.1425, 6.143, 6.1435, 
6.144, 6.1445, 6.145, 6.1455, 6.146, 6.1465, 6.147, 6.1475, 6.148, 6.1485, 6.149, 6.1495, 6.15, 6.1505, 6.151, 6.1515, 
6.152, 6.1525, 6.153, 6.1535, 6.154, 6.1545, 6.155, 6.1555, 6.156, 6.1565, 6.157, 6.1575, 6.158, 6.1585, 6.159, 6.1595, 
6.16, 6.1605, 6.161, 6.1615, 6.162, 6.1625, 6.163, 6.1635, 6.164, 6.1645, 6.165, 6.1655, 6.166, 6.1665, 6.167, 6.1675, 
6.168, 6.1685, 6.169, 6.1695, 6.17, 6.1705, 6.171, 6.1715, 6.172, 6.1725, 6.173, 6.1735, 6.174, 6.1745, 6.175, 6.1755, 
6.176, 6.1765, 6.177, 6.1775, 6.178, 6.1785, 6.179, 6.1795, 6.18, 6.1805, 6.181, 6.1815, 6.182, 6.1825, 6.183, 6.1835, 
6.184, 6.1845, 6.185, 6.1855, 6.186, 6.1865, 6.187, 6.1875, 6.188, 6.1885, 6.189, 6.1895, 6.19, 6.1905, 6.191, 6.1915, 
6.192, 6.1925, 6.193, 6.1935, 6.194, 6.1945, 6.195, 6.1955, 6.196, 6.1965, 6.197, 6.1975, 6.198, 6.1985, 6.199, 6.1995, 
6.2, 6.2005, 6.201, 6.2015, 6.202, 6.2025, 6.203, 6.2035, 6.204, 6.2045, 6.205, 6.2055, 6.206, 6.2065, 6.207, 6.2075, 
6.208, 6.2085, 6.209, 6.2095, 6.21, 6.2105, 6.211, 6.2115, 6.212, 6.2125, 6.213, 6.2135, 6.214, 6.2145, 6.215, 6.2155, 
6.216, 6.2165, 6.217, 6.2175, 6.218, 6.2185, 6.219, 6.2195, 6.22, 6.2205, 6.221, 6.2215, 6.222, 6.2225, 6.223, 6.2235, 
6.224, 6.2245, 6.225, 6.2255, 6.226, 6.2265, 6.227, 6.2275, 6.228, 6.2285, 6.229, 6.2295, 6.23, 6.2305, 6.231, 6.2315, 
6.232, 6.2325, 6.233, 6.2335, 6.234, 6.2345, 6.235, 6.2355, 6.236, 6.2365, 6.237, 6.2375, 6.238, 6.2385, 6.239, 6.2395, 
6.24, 6.2405, 6.241, 6.2415, 6.242, 6.2425, 6.243, 6.2435, 6.244, 6.2445, 6.245, 6.2455, 6.246, 6.2465, 6.247, 6.2475, 
6.248, 6.2485, 6.249, 6.2495, 6.25, 6.2505, 6.251, 6.2515, 6.252, 6.2525, 6.253, 6.2535, 6.254, 6.2545, 6.255, 6.2555, 
6.256, 6.2565, 6.257, 6.2575, 6.258, 6.2585, 6.259, 6.2595, 6.26, 6.2605, 6.261, 6.2615, 6.262, 6.2625, 6.263, 6.2635, 
6.264, 6.2645, 6.265, 6.2655, 6.266, 6.2665, 6.267, 6.2675, 6.268, 6.2685, 6.269, 6.2695, 6.27, 6.2705, 6.271, 6.2715, 
6.272, 6.2725, 6.273, 6.2735, 6.274, 6.2745, 6.275, 6.2755, 6.276, 6.2765, 6.277, 6.2775, 6.278, 6.2785, 6.279, 6.2795, 
6.28, 6.2805, 6.281, 6.2815, 6.282, 6.2825, 6.283, 6.2835, 6.284, 6.2845, 6.285, 6.2855, 6.286, 6.2865, 6.287, 6.2875, 
6.288, 6.2885, 6.289, 6.2895, 6.29, 6.2905, 6.291, 6.2915, 6.292, 6.2925, 6.293, 6.2935, 6.294, 6.2945, 6.295, 6.2955, 
6.296, 6.2965, 6.297, 6.2975, 6.298, 6.2985, 6.299, 6.2995, 6.3, 6.3005, 6.301, 6.3015, 6.302, 6.3025, 6.303, 6.3035, 
6.304, 6.3045, 6.305, 6.3055, 6.306, 6.3065, 6.307, 6.3075, 6.308, 6.3085, 6.309, 6.3095, 6.31, 6.3105, 6.311, 6.3115, 
6.312, 6.3125, 6.313, 6.3135, 6.314, 6.3145, 6.315, 6.3155, 6.316, 6.3165, 6.317, 6.3175, 6.318, 6.3185, 6.319, 6.3195, 
6.32, 6.3205, 6.321, 6.3215, 6.322, 6.3225, 6.323, 6.3235, 6.324, 6.3245, 6.325, 6.3255, 6.326, 6.3265, 6.327, 6.3275, 
6.328, 6.3285, 6.329, 6.3295, 6.33, 6.3305, 6.331, 6.3315, 6.332, 6.3325, 6.333, 6.3335, 6.334, 6.3345, 6.335, 6.3355, 
6.336, 6.3365, 6.337, 6.3375, 6.338, 6.3385, 6.339, 6.3395, 6.34, 6.3405, 6.341, 6.3415, 6.342, 6.3425, 6.343, 6.3435, 
6.344, 6.3445, 6.345, 6.3455, 6.346, 6.3465, 6.347, 6.3475, 6.348, 6.3485, 6.349, 6.3495, 6.35, 6.3505, 6.351, 6.3515, 
6.352, 6.3525, 6.353, 6.3535, 6.354, 6.3545, 6.355, 6.3555, 6.356, 6.3565, 6.357, 6.3575, 6.358, 6.3585, 6.359, 6.3595, 
6.36, 6.3605, 6.361, 6.3615, 6.362, 6.3625, 6.363, 6.3635, 6.364, 6.3645, 6.365, 6.3655, 6.366, 6.3665, 6.367, 6.3675, 
6.368, 6.3685, 6.369, 6.3695, 6.37, 6.3705, 6.371, 6.3715, 6.372, 6.3725, 6.373, 6.3735, 6.374, 6.3745, 6.375, 6.3755, 
6.376, 6.3765, 6.377, 6.3775, 6.378, 6.3785, 6.379, 6.3795, 6.38, 6.3805, 6.381, 6.3815, 6.382, 6.3825, 6.383, 6.3835, 
6.384, 6.3845, 6.385, 6.3855, 6.386, 6.3865, 6.387, 6.3875, 6.388, 6.3885, 6.389, 6.3895, 6.39, 6.3905, 6.391, 6.3915, 
6.392, 6.3925, 6.393, 6.3935, 6.394, 6.3945, 6.395, 6.3955, 6.396, 6.3965, 6.397, 6.3975, 6.398, 6.3985, 6.399, 6.3995, 
6.4, 6.4005, 6.401, 6.4015, 6.402, 6.4025, 6.403, 6.4035, 6.404, 6.4045, 6.405, 6.4055, 6.406, 6.4065, 6.407, 6.4075, 
6.408, 6.4085, 6.409, 6.4095, 6.41, 6.4105, 6.411, 6.4115, 6.412, 6.4125, 6.413, 6.4135, 6.414, 6.4145, 6.415, 6.4155, 
6.416, 6.4165, 6.417, 6.4175, 6.418, 6.4185, 6.419, 6.4195, 6.42, 6.4205, 6.421, 6.4215, 6.422, 6.4225, 6.423, 6.4235, 
6.424, 6.4245, 6.425, 6.4255, 6.426, 6.4265, 6.427, 6.4275, 6.428, 6.4285, 6.429, 6.4295, 6.43, 6.4305, 6.431, 6.4315, 
6.432, 6.4325, 6.433, 6.4335, 6.434, 6.4345, 6.435, 6.4355, 6.436, 6.4365, 6.437, 6.4375, 6.438, 6.4385, 6.439, 6.4395, 
6.44, 6.4405, 6.441, 6.4415, 6.442, 6.4425, 6.443, 6.4435, 6.444, 6.4445, 6.445, 6.4455, 6.446, 6.4465, 6.447, 6.4475, 
6.448, 6.4485, 6.449, 6.4495, 6.45, 6.4505, 6.451, 6.4515, 6.452, 6.4525, 6.453, 6.4535, 6.454, 6.4545, 6.455, 6.4555, 
6.456, 6.4565, 6.457, 6.4575, 6.458, 6.4585, 6.459, 6.4595, 6.46, 6.4605, 6.461, 6.4615, 6.462, 6.4625, 6.463, 6.4635, 
6.464, 6.4645, 6.465, 6.4655, 6.466, 6.4665, 6.467, 6.4675, 6.468, 6.4685, 6.469, 6.4695, 6.47, 6.4705, 6.471, 6.4715, 
6.472, 6.4725, 6.473, 6.4735, 6.474, 6.4745, 6.475, 6.4755, 6.476, 6.4765, 6.477, 6.4775, 6.478, 6.4785, 6.479, 6.4795, 
6.48, 6.4805, 6.481, 6.4815, 6.482, 6.4825, 6.483, 6.4835, 6.484, 6.4845, 6.485, 6.4855, 6.486, 6.4865, 6.487, 6.4875, 
6.488, 6.4885, 6.489, 6.4895, 6.49, 6.4905, 6.491, 6.4915, 6.492, 6.4925, 6.493, 6.4935, 6.494, 6.4945, 6.495, 6.4955, 
6.496, 6.4965, 6.497, 6.4975, 6.498, 6.4985, 6.499, 6.4995, 6.5, 6.5005, 6.501, 6.5015, 6.502, 6.5025, 6.503, 6.5035, 
6.504, 6.5045, 6.505, 6.5055, 6.506, 6.5065, 6.507, 6.5075, 6.508, 6.5085, 6.509, 6.5095, 6.51, 6.5105, 6.511, 6.5115, 
6.512, 6.5125, 6.513, 6.5135, 6.514, 6.5145, 6.515, 6.5155, 6.516, 6.5165, 6.517, 6.5175, 6.518, 6.5185, 6.519, 6.5195, 
6.52, 6.5205, 6.521, 6.5215, 6.522, 6.5225, 6.523, 6.5235, 6.524, 6.5245, 6.525, 6.5255, 6.526, 6.5265, 6.527, 6.5275, 
6.528, 6.5285, 6.529, 6.5295, 6.53, 6.5305, 6.531, 6.5315, 6.532, 6.5325, 6.533, 6.5335, 6.534, 6.5345, 6.535, 6.5355, 
6.536, 6.5365, 6.537, 6.5375, 6.538, 6.5385, 6.539, 6.5395, 6.54, 6.5405, 6.541, 6.5415, 6.542, 6.5425, 6.543, 6.5435, 
6.544, 6.5445, 6.545, 6.5455, 6.546, 6.5465, 6.547, 6.5475, 6.548, 6.5485, 6.549, 6.5495, 6.55, 6.5505, 6.551, 6.5515, 
6.552, 6.5525, 6.553, 6.5535, 6.554, 6.5545, 6.555, 6.5555, 6.556, 6.5565, 6.557, 6.5575, 6.558, 6.5585, 6.559, 6.5595, 
6.56, 6.5605, 6.561, 6.5615, 6.562, 6.5625, 6.563, 6.5635, 6.564, 6.5645, 6.565, 6.5655, 6.566, 6.5665, 6.567, 6.5675, 
6.568, 6.5685, 6.569, 6.5695, 6.57, 6.5705, 6.571, 6.5715, 6.572, 6.5725, 6.573, 6.5735, 6.574, 6.5745, 6.575, 6.5755, 
6.576, 6.5765, 6.577, 6.5775, 6.578, 6.5785, 6.579, 6.5795, 6.58, 6.5805, 6.581, 6.5815, 6.582, 6.5825, 6.583, 6.5835, 
6.584, 6.5845, 6.585, 6.5855, 6.586, 6.5865, 6.587, 6.5875, 6.588, 6.5885, 6.589, 6.5895, 6.59, 6.5905, 6.591, 6.5915, 
6.592, 6.5925, 6.593, 6.5935, 6.594, 6.5945, 6.595, 6.5955, 6.596, 6.5965, 6.597, 6.5975, 6.598, 6.5985, 6.599, 6.5995, 
6.6, 6.6005, 6.601, 6.6015, 6.602, 6.6025, 6.603, 6.6035, 6.604, 6.6045, 6.605, 6.6055, 6.606, 6.6065, 6.607, 6.6075, 
6.608, 6.6085, 6.609, 6.6095, 6.61, 6.6105, 6.611, 6.6115, 6.612, 6.6125, 6.613, 6.6135, 6.614, 6.6145, 6.615, 6.6155, 
6.616, 6.6165, 6.617, 6.6175, 6.618, 6.6185, 6.619, 6.6195, 6.62, 6.6205, 6.621, 6.6215, 6.622, 6.6225, 6.623, 6.6235, 
6.624, 6.6245, 6.625, 6.6255, 6.626, 6.6265, 6.627, 6.6275, 6.628, 6.6285, 6.629, 6.6295, 6.63, 6.6305, 6.631, 6.6315, 
6.632, 6.6325, 6.633, 6.6335, 6.634, 6.6345, 6.635, 6.6355, 6.636, 6.6365, 6.637, 6.6375, 6.638, 6.6385, 6.639, 6.6395, 
6.64, 6.6405, 6.641, 6.6415, 6.642, 6.6425, 6.643, 6.6435, 6.644, 6.6445, 6.645, 6.6455, 6.646, 6.6465, 6.647, 6.6475, 
6.648, 6.6485, 6.649, 6.6495, 6.65, 6.6505, 6.651, 6.6515, 6.652, 6.6525, 6.653, 6.6535, 6.654, 6.6545, 6.655, 6.6555, 
6.656, 6.6565, 6.657, 6.6575, 6.658, 6.6585, 6.659, 6.6595, 6.66, 6.6605, 6.661, 6.6615, 6.662, 6.6625, 6.663, 6.6635, 
6.664, 6.6645, 6.665, 6.6655, 6.666, 6.6665, 6.667, 6.6675, 6.668, 6.6685, 6.669, 6.6695, 6.67, 6.6705, 6.671, 6.6715, 
6.672, 6.6725, 6.673, 6.6735, 6.674, 6.6745, 6.675, 6.6755, 6.676, 6.6765, 6.677, 6.6775, 6.678, 6.6785, 6.679, 6.6795, 
6.68, 6.6805, 6.681, 6.6815, 6.682, 6.6825, 6.683, 6.6835, 6.684, 6.6845, 6.685, 6.6855, 6.686, 6.6865, 6.687, 6.6875, 
6.688, 6.6885, 6.689, 6.6895, 6.69, 6.6905, 6.691, 6.6915, 6.692, 6.6925, 6.693, 6.6935, 6.694, 6.6945, 6.695, 6.6955, 
6.696, 6.6965, 6.697, 6.6975, 6.698, 6.6985, 6.699, 6.6995, 6.7, 6.7005, 6.701, 6.7015, 6.702, 6.7025, 6.703, 6.7035, 
6.704, 6.7045, 6.705, 6.7055, 6.706, 6.7065, 6.707, 6.7075, 6.708, 6.7085, 6.709, 6.7095, 6.71, 6.7105, 6.711, 6.7115, 
6.712, 6.7125, 6.713, 6.7135, 6.714, 6.7145, 6.715, 6.7155, 6.716, 6.7165, 6.717, 6.7175, 6.718, 6.7185, 6.719, 6.7195, 
6.72, 6.7205, 6.721, 6.7215, 6.722, 6.7225, 6.723, 6.7235, 6.724, 6.7245, 6.725, 6.7255, 6.726, 6.7265, 6.727, 6.7275, 
6.728, 6.7285, 6.729, 6.7295, 6.73, 6.7305, 6.731, 6.7315, 6.732, 6.7325, 6.733, 6.7335, 6.734, 6.7345, 6.735, 6.7355, 
6.736, 6.7365, 6.737, 6.7375, 6.738, 6.7385, 6.739, 6.7395, 6.74, 6.7405, 6.741, 6.7415, 6.742, 6.7425, 6.743, 6.7435, 
6.744, 6.7445, 6.745, 6.7455, 6.746, 6.7465, 6.747, 6.7475, 6.748, 6.7485, 6.749, 6.7495, 6.75, 6.7505, 6.751, 6.7515, 
6.752, 6.7525, 6.753, 6.7535, 6.754, 6.7545, 6.755, 6.7555, 6.756, 6.7565, 6.757, 6.7575, 6.758, 6.7585, 6.759, 6.7595, 
6.76, 6.7605, 6.761, 6.7615, 6.762, 6.7625, 6.763, 6.7635, 6.764, 6.7645, 6.765, 6.7655, 6.766, 6.7665, 6.767, 6.7675, 
6.768, 6.7685, 6.769, 6.7695, 6.77, 6.7705, 6.771, 6.7715, 6.772, 6.7725, 6.773, 6.7735, 6.774, 6.7745, 6.775, 6.7755, 
6.776, 6.7765, 6.777, 6.7775, 6.778, 6.7785, 6.779, 6.7795, 6.78, 6.7805, 6.781, 6.7815, 6.782, 6.7825, 6.783, 6.7835, 
6.784, 6.7845, 6.785, 6.7855, 6.786, 6.7865, 6.787, 6.7875, 6.788, 6.7885, 6.789, 6.7895, 6.79, 6.7905, 6.791, 6.7915, 
6.792, 6.7925, 6.793, 6.7935, 6.794, 6.7945, 6.795, 6.7955, 6.796, 6.7965, 6.797, 6.7975, 6.798, 6.7985, 6.799, 6.7995, 
6.8, 6.8005, 6.801, 6.8015, 6.802, 6.8025, 6.803, 6.8035, 6.804, 6.8045, 6.805, 6.8055, 6.806, 6.8065, 6.807, 6.8075, 
6.808, 6.8085, 6.809, 6.8095, 6.81, 6.8105, 6.811, 6.8115, 6.812, 6.8125, 6.813, 6.8135, 6.814, 6.8145, 6.815, 6.8155, 
6.816, 6.8165, 6.817, 6.8175, 6.818, 6.8185, 6.819, 6.8195, 6.82, 6.8205, 6.821, 6.8215, 6.822, 6.8225, 6.823, 6.8235, 
6.824, 6.8245, 6.825, 6.8255, 6.826, 6.8265, 6.827, 6.8275, 6.828, 6.8285, 6.829, 6.8295, 6.83, 6.8305, 6.831, 6.8315, 
6.832, 6.8325, 6.833, 6.8335, 6.834, 6.8345, 6.835, 6.8355, 6.836, 6.8365, 6.837, 6.8375, 6.838, 6.8385, 6.839, 6.8395, 
6.84, 6.8405, 6.841, 6.8415, 6.842, 6.8425, 6.843, 6.8435, 6.844, 6.8445, 6.845, 6.8455, 6.846, 6.8465, 6.847, 6.8475, 
6.848, 6.8485, 6.849, 6.8495, 6.85, 6.8505, 6.851, 6.8515, 6.852, 6.8525, 6.853, 6.8535, 6.854, 6.8545, 6.855, 6.8555, 
6.856, 6.8565, 6.857, 6.8575, 6.858, 6.8585, 6.859, 6.8595, 6.86, 6.8605, 6.861, 6.8615, 6.862, 6.8625, 6.863, 6.8635, 
6.864, 6.8645, 6.865, 6.8655, 6.866, 6.8665, 6.867, 6.8675, 6.868, 6.8685, 6.869, 6.8695, 6.87, 6.8705, 6.871, 6.8715, 
6.872, 6.8725, 6.873, 6.8735, 6.874, 6.8745, 6.875, 6.8755, 6.876, 6.8765, 6.877, 6.8775, 6.878, 6.8785, 6.879, 6.8795, 
6.88, 6.8805, 6.881, 6.8815, 6.882, 6.8825, 6.883, 6.8835, 6.884, 6.8845, 6.885, 6.8855, 6.886, 6.8865, 6.887, 6.8875, 
6.888, 6.8885, 6.889, 6.8895, 6.89, 6.8905, 6.891, 6.8915, 6.892, 6.8925, 6.893, 6.8935, 6.894, 6.8945, 6.895, 6.8955, 
6.896, 6.8965, 6.897, 6.8975, 6.898, 6.8985, 6.899, 6.8995, 6.9, 6.9005, 6.901, 6.9015, 6.902, 6.9025, 6.903, 6.9035, 
6.904, 6.9045, 6.905, 6.9055, 6.906, 6.9065, 6.907, 6.9075, 6.908, 6.9085, 6.909, 6.9095, 6.91, 6.9105, 6.911, 6.9115, 
6.912, 6.9125, 6.913, 6.9135, 6.914, 6.9145, 6.915, 6.9155, 6.916, 6.9165, 6.917, 6.9175, 6.918, 6.9185, 6.919, 6.9195, 
6.92, 6.9205, 6.921, 6.9215, 6.922, 6.9225, 6.923, 6.9235, 6.924, 6.9245, 6.925, 6.9255, 6.926, 6.9265, 6.927, 6.9275, 
6.928, 6.9285, 6.929, 6.9295, 6.93, 6.9305, 6.931, 6.9315, 6.932, 6.9325, 6.933, 6.9335, 6.934, 6.9345, 6.935, 6.9355, 
6.936, 6.9365, 6.937, 6.9375, 6.938, 6.9385, 6.939, 6.9395, 6.94, 6.9405, 6.941, 6.9415, 6.942, 6.9425, 6.943, 6.9435, 
6.944, 6.9445, 6.945, 6.9455, 6.946, 6.9465, 6.947, 6.9475, 6.948, 6.9485, 6.949, 6.9495, 6.95, 6.9505, 6.951, 6.9515, 
6.952, 6.9525, 6.953, 6.9535, 6.954, 6.9545, 6.955, 6.9555, 6.956, 6.9565, 6.957, 6.9575, 6.958, 6.9585, 6.959, 6.9595, 
6.96, 6.9605, 6.961, 6.9615, 6.962, 6.9625, 6.963, 6.9635, 6.964, 6.9645, 6.965, 6.9655, 6.966, 6.9665, 6.967, 6.9675, 
6.968, 6.9685, 6.969, 6.9695, 6.97, 6.9705, 6.971, 6.9715, 6.972, 6.9725, 6.973, 6.9735, 6.974, 6.9745, 6.975, 6.9755, 
6.976, 6.9765, 6.977, 6.9775, 6.978, 6.9785, 6.979, 6.9795, 6.98, 6.9805, 6.981, 6.9815, 6.982, 6.9825, 6.983, 6.9835, 
6.984, 6.9845, 6.985, 6.9855, 6.986, 6.9865, 6.987, 6.9875, 6.988, 6.9885, 6.989, 6.9895, 6.99, 6.9905, 6.991, 6.9915, 
6.992, 6.9925, 6.993, 6.9935, 6.994, 6.9945, 6.995, 6.9955, 6.996, 6.9965, 6.997, 6.9975, 6.998, 6.9985, 6.999, 6.9995, 
7, 7.0005, 7.001, 7.0015, 7.002, 7.0025, 7.003, 7.0035, 7.004, 7.0045, 7.005, 7.0055, 7.006, 7.0065, 7.007, 7.0075, 
7.008, 7.0085, 7.009, 7.0095, 7.01, 7.0105, 7.011, 7.0115, 7.012, 7.0125, 7.013, 7.0135, 7.014, 7.0145, 7.015, 7.0155, 
7.016, 7.0165, 7.017, 7.0175, 7.018, 7.0185, 7.019, 7.0195, 7.02, 7.0205, 7.021, 7.0215, 7.022, 7.0225, 7.023, 7.0235, 
7.024, 7.0245, 7.025, 7.0255, 7.026, 7.0265, 7.027, 7.0275, 7.028, 7.0285, 7.029, 7.0295, 7.03, 7.0305, 7.031, 7.0315, 
7.032, 7.0325, 7.033, 7.0335, 7.034, 7.0345, 7.035, 7.0355, 7.036, 7.0365, 7.037, 7.0375, 7.038, 7.0385, 7.039, 7.0395, 
7.04, 7.0405, 7.041, 7.0415, 7.042, 7.0425, 7.043, 7.0435, 7.044, 7.0445, 7.045, 7.0455, 7.046, 7.0465, 7.047, 7.0475, 
7.048, 7.0485, 7.049, 7.0495, 7.05, 7.0505, 7.051, 7.0515, 7.052, 7.0525, 7.053, 7.0535, 7.054, 7.0545, 7.055, 7.0555, 
7.056, 7.0565, 7.057, 7.0575, 7.058, 7.0585, 7.059, 7.0595, 7.06, 7.0605, 7.061, 7.0615, 7.062, 7.0625, 7.063, 7.0635, 
7.064, 7.0645, 7.065, 7.0655, 7.066, 7.0665, 7.067, 7.0675, 7.068, 7.0685, 7.069, 7.0695, 7.07, 7.0705, 7.071, 7.0715, 
7.072, 7.0725, 7.073, 7.0735, 7.074, 7.0745, 7.075, 7.0755, 7.076, 7.0765, 7.077, 7.0775, 7.078, 7.0785, 7.079, 7.0795, 
7.08, 7.0805, 7.081, 7.0815, 7.082, 7.0825, 7.083, 7.0835, 7.084, 7.0845, 7.085, 7.0855, 7.086, 7.0865, 7.087, 7.0875, 
7.088, 7.0885, 7.089, 7.0895, 7.09, 7.0905, 7.091, 7.0915, 7.092, 7.0925, 7.093, 7.0935, 7.094, 7.0945, 7.095, 7.0955, 
7.096, 7.0965, 7.097, 7.0975, 7.098, 7.0985, 7.099, 7.0995, 7.1, 7.1005, 7.101, 7.1015, 7.102, 7.1025, 7.103, 7.1035, 
7.104, 7.1045, 7.105, 7.1055, 7.106, 7.1065, 7.107, 7.1075, 7.108, 7.1085, 7.109, 7.1095, 7.11, 7.1105, 7.111, 7.1115, 
7.112, 7.1125, 7.113, 7.1135, 7.114, 7.1145, 7.115, 7.1155, 7.116, 7.1165, 7.117, 7.1175, 7.118, 7.1185, 7.119, 7.1195, 
7.12, 7.1205, 7.121, 7.1215, 7.122, 7.1225, 7.123, 7.1235, 7.124, 7.1245, 7.125, 7.1255, 7.126, 7.1265, 7.127, 7.1275, 
7.128, 7.1285, 7.129, 7.1295, 7.13, 7.1305, 7.131, 7.1315, 7.132, 7.1325, 7.133, 7.1335, 7.134, 7.1345, 7.135, 7.1355, 
7.136, 7.1365, 7.137, 7.1375, 7.138, 7.1385, 7.139, 7.1395, 7.14, 7.1405, 7.141, 7.1415, 7.142, 7.1425, 7.143, 7.1435, 
7.144, 7.1445, 7.145, 7.1455, 7.146, 7.1465, 7.147, 7.1475, 7.148, 7.1485, 7.149, 7.1495, 7.15, 7.1505, 7.151, 7.1515, 
7.152, 7.1525, 7.153, 7.1535, 7.154, 7.1545, 7.155, 7.1555, 7.156, 7.1565, 7.157, 7.1575, 7.158, 7.1585, 7.159, 7.1595, 
7.16, 7.1605, 7.161, 7.1615, 7.162, 7.1625, 7.163, 7.1635, 7.164, 7.1645, 7.165, 7.1655, 7.166, 7.1665, 7.167, 7.1675, 
7.168, 7.1685, 7.169, 7.1695, 7.17, 7.1705, 7.171, 7.1715, 7.172, 7.1725, 7.173, 7.1735, 7.174, 7.1745, 7.175, 7.1755, 
7.176, 7.1765, 7.177, 7.1775, 7.178, 7.1785, 7.179, 7.1795, 7.18, 7.1805, 7.181, 7.1815, 7.182, 7.1825, 7.183, 7.1835, 
7.184, 7.1845, 7.185, 7.1855, 7.186, 7.1865, 7.187, 7.1875, 7.188, 7.1885, 7.189, 7.1895, 7.19, 7.1905, 7.191, 7.1915, 
7.192, 7.1925, 7.193, 7.1935, 7.194, 7.1945, 7.195, 7.1955, 7.196, 7.1965, 7.197, 7.1975, 7.198, 7.1985, 7.199, 7.1995, 
7.2, 7.2005, 7.201, 7.2015, 7.202, 7.2025, 7.203, 7.2035, 7.204, 7.2045, 7.205, 7.2055, 7.206, 7.2065, 7.207, 7.2075, 
7.208, 7.2085, 7.209, 7.2095, 7.21, 7.2105, 7.211, 7.2115, 7.212, 7.2125, 7.213, 7.2135, 7.214, 7.2145, 7.215, 7.2155, 
7.216, 7.2165, 7.217, 7.2175, 7.218, 7.2185, 7.219, 7.2195, 7.22, 7.2205, 7.221, 7.2215, 7.222, 7.2225, 7.223, 7.2235, 
7.224, 7.2245, 7.225, 7.2255, 7.226, 7.2265, 7.227, 7.2275, 7.228, 7.2285, 7.229, 7.2295, 7.23, 7.2305, 7.231, 7.2315, 
7.232, 7.2325, 7.233, 7.2335, 7.234, 7.2345, 7.235, 7.2355, 7.236, 7.2365, 7.237, 7.2375, 7.238, 7.2385, 7.239, 7.2395, 
7.24, 7.2405, 7.241, 7.2415, 7.242, 7.2425, 7.243, 7.2435, 7.244, 7.2445, 7.245, 7.2455, 7.246, 7.2465, 7.247, 7.2475, 
7.248, 7.2485, 7.249, 7.2495, 7.25, 7.2505, 7.251, 7.2515, 7.252, 7.2525, 7.253, 7.2535, 7.254, 7.2545, 7.255, 7.2555, 
7.256, 7.2565, 7.257, 7.2575, 7.258, 7.2585, 7.259, 7.2595, 7.26, 7.2605, 7.261, 7.2615, 7.262, 7.2625, 7.263, 7.2635, 
7.264, 7.2645, 7.265, 7.2655, 7.266, 7.2665, 7.267, 7.2675, 7.268, 7.2685, 7.269, 7.2695, 7.27, 7.2705, 7.271, 7.2715, 
7.272, 7.2725, 7.273, 7.2735, 7.274, 7.2745, 7.275, 7.2755, 7.276, 7.2765, 7.277, 7.2775, 7.278, 7.2785, 7.279, 7.2795, 
7.28, 7.2805, 7.281, 7.2815, 7.282, 7.2825, 7.283, 7.2835, 7.284, 7.2845, 7.285, 7.2855, 7.286, 7.2865, 7.287, 7.2875, 
7.288, 7.2885, 7.289, 7.2895, 7.29, 7.2905, 7.291, 7.2915, 7.292, 7.2925, 7.293, 7.2935, 7.294, 7.2945, 7.295, 7.2955, 
7.296, 7.2965, 7.297, 7.2975, 7.298, 7.2985, 7.299, 7.2995, 7.3, 7.3005, 7.301, 7.3015, 7.302, 7.3025, 7.303, 7.3035, 
7.304, 7.3045, 7.305, 7.3055, 7.306, 7.3065, 7.307, 7.3075, 7.308, 7.3085, 7.309, 7.3095, 7.31, 7.3105, 7.311, 7.3115, 
7.312, 7.3125, 7.313, 7.3135, 7.314, 7.3145, 7.315, 7.3155, 7.316, 7.3165, 7.317, 7.3175, 7.318, 7.3185, 7.319, 7.3195, 
7.32, 7.3205, 7.321, 7.3215, 7.322, 7.3225, 7.323, 7.3235, 7.324, 7.3245, 7.325, 7.3255, 7.326, 7.3265, 7.327, 7.3275, 
7.328, 7.3285, 7.329, 7.3295, 7.33, 7.3305, 7.331, 7.3315, 7.332, 7.3325, 7.333, 7.3335, 7.334, 7.3345, 7.335, 7.3355, 
7.336, 7.3365, 7.337, 7.3375, 7.338, 7.3385, 7.339, 7.3395, 7.34, 7.3405, 7.341, 7.3415, 7.342, 7.3425, 7.343, 7.3435, 
7.344, 7.3445, 7.345, 7.3455, 7.346, 7.3465, 7.347, 7.3475, 7.348, 7.3485, 7.349, 7.3495, 7.35, 7.3505, 7.351, 7.3515, 
7.352, 7.3525, 7.353, 7.3535, 7.354, 7.3545, 7.355, 7.3555, 7.356, 7.3565, 7.357, 7.3575, 7.358, 7.3585, 7.359, 7.3595, 
7.36, 7.3605, 7.361, 7.3615, 7.362, 7.3625, 7.363, 7.3635, 7.364, 7.3645, 7.365, 7.3655, 7.366, 7.3665, 7.367, 7.3675, 
7.368, 7.3685, 7.369, 7.3695, 7.37, 7.3705, 7.371, 7.3715, 7.372, 7.3725, 7.373, 7.3735, 7.374, 7.3745, 7.375, 7.3755, 
7.376, 7.3765, 7.377, 7.3775, 7.378, 7.3785, 7.379, 7.3795, 7.38, 7.3805, 7.381, 7.3815, 7.382, 7.3825, 7.383, 7.3835, 
7.384, 7.3845, 7.385, 7.3855, 7.386, 7.3865, 7.387, 7.3875, 7.388, 7.3885, 7.389, 7.3895, 7.39, 7.3905, 7.391, 7.3915, 
7.392, 7.3925, 7.393, 7.3935, 7.394, 7.3945, 7.395, 7.3955, 7.396, 7.3965, 7.397, 7.3975, 7.398, 7.3985, 7.399, 7.3995, 
7.4, 7.4005, 7.401, 7.4015, 7.402, 7.4025, 7.403, 7.4035, 7.404, 7.4045, 7.405, 7.4055, 7.406, 7.4065, 7.407, 7.4075, 
7.408, 7.4085, 7.409, 7.4095, 7.41, 7.4105, 7.411, 7.4115, 7.412, 7.4125, 7.413, 7.4135, 7.414, 7.4145, 7.415, 7.4155, 
7.416, 7.4165, 7.417, 7.4175, 7.418, 7.4185, 7.419, 7.4195, 7.42, 7.4205, 7.421, 7.4215, 7.422, 7.4225, 7.423, 7.4235, 
7.424, 7.4245, 7.425, 7.4255, 7.426, 7.4265, 7.427, 7.4275, 7.428, 7.4285, 7.429, 7.4295, 7.43, 7.4305, 7.431, 7.4315, 
7.432, 7.4325, 7.433, 7.4335, 7.434, 7.4345, 7.435, 7.4355, 7.436, 7.4365, 7.437, 7.4375, 7.438, 7.4385, 7.439, 7.4395, 
7.44, 7.4405, 7.441, 7.4415, 7.442, 7.4425, 7.443, 7.4435, 7.444, 7.4445, 7.445, 7.4455, 7.446, 7.4465, 7.447, 7.4475, 
7.448, 7.4485, 7.449, 7.4495, 7.45, 7.4505, 7.451, 7.4515, 7.452, 7.4525, 7.453, 7.4535, 7.454, 7.4545, 7.455, 7.4555, 
7.456, 7.4565, 7.457, 7.4575, 7.458, 7.4585, 7.459, 7.4595, 7.46, 7.4605, 7.461, 7.4615, 7.462, 7.4625, 7.463, 7.4635, 
7.464, 7.4645, 7.465, 7.4655, 7.466, 7.4665, 7.467, 7.4675, 7.468, 7.4685, 7.469, 7.4695, 7.47, 7.4705, 7.471, 7.4715, 
7.472, 7.4725, 7.473, 7.4735, 7.474, 7.4745, 7.475, 7.4755, 7.476, 7.4765, 7.477, 7.4775, 7.478, 7.4785, 7.479, 7.4795, 
7.48, 7.4805, 7.481, 7.4815, 7.482, 7.4825, 7.483, 7.4835, 7.484, 7.4845, 7.485, 7.4855, 7.486, 7.4865, 7.487, 7.4875, 
7.488, 7.4885, 7.489, 7.4895, 7.49, 7.4905, 7.491, 7.4915, 7.492, 7.4925, 7.493, 7.4935, 7.494, 7.4945, 7.495, 7.4955, 
7.496, 7.4965, 7.497, 7.4975, 7.498, 7.4985, 7.499, 7.4995, 7.5, 7.5005, 7.501, 7.5015, 7.502, 7.5025, 7.503, 7.5035, 
7.504, 7.5045, 7.505, 7.5055, 7.506, 7.5065, 7.507, 7.5075, 7.508, 7.5085, 7.509, 7.5095, 7.51, 7.5105, 7.511, 7.5115, 
7.512, 7.5125, 7.513, 7.5135, 7.514, 7.5145, 7.515, 7.5155, 7.516, 7.5165, 7.517, 7.5175, 7.518, 7.5185, 7.519, 7.5195, 
7.52, 7.5205, 7.521, 7.5215, 7.522, 7.5225, 7.523, 7.5235, 7.524, 7.5245, 7.525, 7.5255, 7.526, 7.5265, 7.527, 7.5275, 
7.528, 7.5285, 7.529, 7.5295, 7.53, 7.5305, 7.531, 7.5315, 7.532, 7.5325, 7.533, 7.5335, 7.534, 7.5345, 7.535, 7.5355, 
7.536, 7.5365, 7.537, 7.5375, 7.538, 7.5385, 7.539, 7.5395, 7.54, 7.5405, 7.541, 7.5415, 7.542, 7.5425, 7.543, 7.5435, 
7.544, 7.5445, 7.545, 7.5455, 7.546, 7.5465, 7.547, 7.5475, 7.548, 7.5485, 7.549, 7.5495, 7.55, 7.5505, 7.551, 7.5515, 
7.552, 7.5525, 7.553, 7.5535, 7.554, 7.5545, 7.555, 7.5555, 7.556, 7.5565, 7.557, 7.5575, 7.558, 7.5585, 7.559, 7.5595, 
7.56, 7.5605, 7.561, 7.5615, 7.562, 7.5625, 7.563, 7.5635, 7.564, 7.5645, 7.565, 7.5655, 7.566, 7.5665, 7.567, 7.5675, 
7.568, 7.5685, 7.569, 7.5695, 7.57, 7.5705, 7.571, 7.5715, 7.572, 7.5725, 7.573, 7.5735, 7.574, 7.5745, 7.575, 7.5755, 
7.576, 7.5765, 7.577, 7.5775, 7.578, 7.5785, 7.579, 7.5795, 7.58, 7.5805, 7.581, 7.5815, 7.582, 7.5825, 7.583, 7.5835, 
7.584, 7.5845, 7.585, 7.5855, 7.586, 7.5865, 7.587, 7.5875, 7.588, 7.5885, 7.589, 7.5895, 7.59, 7.5905, 7.591, 7.5915, 
7.592, 7.5925, 7.593, 7.5935, 7.594, 7.5945, 7.595, 7.5955, 7.596, 7.5965, 7.597, 7.5975, 7.598, 7.5985, 7.599, 7.5995, 
7.6, 7.6005, 7.601, 7.6015, 7.602, 7.6025, 7.603, 7.6035, 7.604, 7.6045, 7.605, 7.6055, 7.606, 7.6065, 7.607, 7.6075, 
7.608, 7.6085, 7.609, 7.6095, 7.61, 7.6105, 7.611, 7.6115, 7.612, 7.6125, 7.613, 7.6135, 7.614, 7.6145, 7.615, 7.6155, 
7.616, 7.6165, 7.617, 7.6175, 7.618, 7.6185, 7.619, 7.6195, 7.62, 7.6205, 7.621, 7.6215, 7.622, 7.6225, 7.623, 7.6235, 
7.624, 7.6245, 7.625, 7.6255, 7.626, 7.6265, 7.627, 7.6275, 7.628, 7.6285, 7.629, 7.6295, 7.63, 7.6305, 7.631, 7.6315, 
7.632, 7.6325, 7.633, 7.6335, 7.634, 7.6345, 7.635, 7.6355, 7.636, 7.6365, 7.637, 7.6375, 7.638, 7.6385, 7.639, 7.6395, 
7.64, 7.6405, 7.641, 7.6415, 7.642, 7.6425, 7.643, 7.6435, 7.644, 7.6445, 7.645, 7.6455, 7.646, 7.6465, 7.647, 7.6475, 
7.648, 7.6485, 7.649, 7.6495, 7.65, 7.6505, 7.651, 7.6515, 7.652, 7.6525, 7.653, 7.6535, 7.654, 7.6545, 7.655, 7.6555, 
7.656, 7.6565, 7.657, 7.6575, 7.658, 7.6585, 7.659, 7.6595, 7.66, 7.6605, 7.661, 7.6615, 7.662, 7.6625, 7.663, 7.6635, 
7.664, 7.6645, 7.665, 7.6655, 7.666, 7.6665, 7.667, 7.6675, 7.668, 7.6685, 7.669, 7.6695, 7.67, 7.6705, 7.671, 7.6715, 
7.672, 7.6725, 7.673, 7.6735, 7.674, 7.6745, 7.675, 7.6755, 7.676, 7.6765, 7.677, 7.6775, 7.678, 7.6785, 7.679, 7.6795, 
7.68, 7.6805, 7.681, 7.6815, 7.682, 7.6825, 7.683, 7.6835, 7.684, 7.6845, 7.685, 7.6855, 7.686, 7.6865, 7.687, 7.6875, 
7.688, 7.6885, 7.689, 7.6895, 7.69, 7.6905, 7.691, 7.6915, 7.692, 7.6925, 7.693, 7.6935, 7.694, 7.6945, 7.695, 7.6955, 
7.696, 7.6965, 7.697, 7.6975, 7.698, 7.6985, 7.699, 7.6995, 7.7, 7.7005, 7.701, 7.7015, 7.702, 7.7025, 7.703, 7.7035, 
7.704, 7.7045, 7.705, 7.7055, 7.706, 7.7065, 7.707, 7.7075, 7.708, 7.7085, 7.709, 7.7095, 7.71, 7.7105, 7.711, 7.7115, 
7.712, 7.7125, 7.713, 7.7135, 7.714, 7.7145, 7.715, 7.7155, 7.716, 7.7165, 7.717, 7.7175, 7.718, 7.7185, 7.719, 7.7195, 
7.72, 7.7205, 7.721, 7.7215, 7.722, 7.7225, 7.723, 7.7235, 7.724, 7.7245, 7.725, 7.7255, 7.726, 7.7265, 7.727, 7.7275, 
7.728, 7.7285, 7.729, 7.7295, 7.73, 7.7305, 7.731, 7.7315, 7.732, 7.7325, 7.733, 7.7335, 7.734, 7.7345, 7.735, 7.7355, 
7.736, 7.7365, 7.737, 7.7375, 7.738, 7.7385, 7.739, 7.7395, 7.74, 7.7405, 7.741, 7.7415, 7.742, 7.7425, 7.743, 7.7435, 
7.744, 7.7445, 7.745, 7.7455, 7.746, 7.7465, 7.747, 7.7475, 7.748, 7.7485, 7.749, 7.7495, 7.75, 7.7505, 7.751, 7.7515, 
7.752, 7.7525, 7.753, 7.7535, 7.754, 7.7545, 7.755, 7.7555, 7.756, 7.7565, 7.757, 7.7575, 7.758, 7.7585, 7.759, 7.7595, 
7.76, 7.7605, 7.761, 7.7615, 7.762, 7.7625, 7.763, 7.7635, 7.764, 7.7645, 7.765, 7.7655, 7.766, 7.7665, 7.767, 7.7675, 
7.768, 7.7685, 7.769, 7.7695, 7.77, 7.7705, 7.771, 7.7715, 7.772, 7.7725, 7.773, 7.7735, 7.774, 7.7745, 7.775, 7.7755, 
7.776, 7.7765, 7.777, 7.7775, 7.778, 7.7785, 7.779, 7.7795, 7.78, 7.7805, 7.781, 7.7815, 7.782, 7.7825, 7.783, 7.7835, 
7.784, 7.7845, 7.785, 7.7855, 7.786, 7.7865, 7.787, 7.7875, 7.788, 7.7885, 7.789, 7.7895, 7.79, 7.7905, 7.791, 7.7915, 
7.792, 7.7925, 7.793, 7.7935, 7.794, 7.7945, 7.795, 7.7955, 7.796, 7.7965, 7.797, 7.7975, 7.798, 7.7985, 7.799, 7.7995, 
7.8, 7.8005, 7.801, 7.8015, 7.802, 7.8025, 7.803, 7.8035, 7.804, 7.8045, 7.805, 7.8055, 7.806, 7.8065, 7.807, 7.8075, 
7.808, 7.8085, 7.809, 7.8095, 7.81, 7.8105, 7.811, 7.8115, 7.812, 7.8125, 7.813, 7.8135, 7.814, 7.8145, 7.815, 7.8155, 
7.816, 7.8165, 7.817, 7.8175, 7.818, 7.8185, 7.819, 7.8195, 7.82, 7.8205, 7.821, 7.8215, 7.822, 7.8225, 7.823, 7.8235, 
7.824, 7.8245, 7.825, 7.8255, 7.826, 7.8265, 7.827, 7.8275, 7.828, 7.8285, 7.829, 7.8295, 7.83, 7.8305, 7.831, 7.8315, 
7.832, 7.8325, 7.833, 7.8335, 7.834, 7.8345, 7.835, 7.8355, 7.836, 7.8365, 7.837, 7.8375, 7.838, 7.8385, 7.839, 7.8395, 
7.84, 7.8405, 7.841, 7.8415, 7.842, 7.8425, 7.843, 7.8435, 7.844, 7.8445, 7.845, 7.8455, 7.846, 7.8465, 7.847, 7.8475, 
7.848, 7.8485, 7.849, 7.8495, 7.85, 7.8505, 7.851, 7.8515, 7.852, 7.8525, 7.853, 7.8535, 7.854, 7.8545, 7.855, 7.8555, 
7.856, 7.8565, 7.857, 7.8575, 7.858, 7.8585, 7.859, 7.8595, 7.86, 7.8605, 7.861, 7.8615, 7.862, 7.8625, 7.863, 7.8635, 
7.864, 7.8645, 7.865, 7.8655, 7.866, 7.8665, 7.867, 7.8675, 7.868, 7.8685, 7.869, 7.8695, 7.87, 7.8705, 7.871, 7.8715, 
7.872, 7.8725, 7.873, 7.8735, 7.874, 7.8745, 7.875, 7.8755, 7.876, 7.8765, 7.877, 7.8775, 7.878, 7.8785, 7.879, 7.8795, 
7.88, 7.8805, 7.881, 7.8815, 7.882, 7.8825, 7.883, 7.8835, 7.884, 7.8845, 7.885, 7.8855, 7.886, 7.8865, 7.887, 7.8875, 
7.888, 7.8885, 7.889, 7.8895, 7.89, 7.8905, 7.891, 7.8915, 7.892, 7.8925, 7.893, 7.8935, 7.894, 7.8945, 7.895, 7.8955, 
7.896, 7.8965, 7.897, 7.8975, 7.898, 7.8985, 7.899, 7.8995, 7.9, 7.9005, 7.901, 7.9015, 7.902, 7.9025, 7.903, 7.9035, 
7.904, 7.9045, 7.905, 7.9055, 7.906, 7.9065, 7.907, 7.9075, 7.908, 7.9085, 7.909, 7.9095, 7.91, 7.9105, 7.911, 7.9115, 
7.912, 7.9125, 7.913, 7.9135, 7.914, 7.9145, 7.915, 7.9155, 7.916, 7.9165, 7.917, 7.9175, 7.918, 7.9185, 7.919, 7.9195, 
7.92, 7.9205, 7.921, 7.9215, 7.922, 7.9225, 7.923, 7.9235, 7.924, 7.9245, 7.925, 7.9255, 7.926, 7.9265, 7.927, 7.9275, 
7.928, 7.9285, 7.929, 7.9295, 7.93, 7.9305, 7.931, 7.9315, 7.932, 7.9325, 7.933, 7.9335, 7.934, 7.9345, 7.935, 7.9355, 
7.936, 7.9365, 7.937, 7.9375, 7.938, 7.9385, 7.939, 7.9395, 7.94, 7.9405, 7.941, 7.9415, 7.942, 7.9425, 7.943, 7.9435, 
7.944, 7.9445, 7.945, 7.9455, 7.946, 7.9465, 7.947, 7.9475, 7.948, 7.9485, 7.949, 7.9495, 7.95, 7.9505, 7.951, 7.9515, 
7.952, 7.9525, 7.953, 7.9535, 7.954, 7.9545, 7.955, 7.9555, 7.956, 7.9565, 7.957, 7.9575, 7.958, 7.9585, 7.959, 7.9595, 
7.96, 7.9605, 7.961, 7.9615, 7.962, 7.9625, 7.963, 7.9635, 7.964, 7.9645, 7.965, 7.9655, 7.966, 7.9665, 7.967, 7.9675, 
7.968, 7.9685, 7.969, 7.9695, 7.97, 7.9705, 7.971, 7.9715, 7.972, 7.9725, 7.973, 7.9735, 7.974, 7.9745, 7.975, 7.9755, 
7.976, 7.9765, 7.977, 7.9775, 7.978, 7.9785, 7.979, 7.9795, 7.98, 7.9805, 7.981, 7.9815, 7.982, 7.9825, 7.983, 7.9835, 
7.984, 7.9845, 7.985, 7.9855, 7.986, 7.9865, 7.987, 7.9875, 7.988, 7.9885, 7.989, 7.9895, 7.99, 7.9905, 7.991, 7.9915, 
7.992, 7.9925, 7.993, 7.9935, 7.994, 7.9945, 7.995, 7.9955, 7.996, 7.9965, 7.997, 7.9975, 7.998, 7.9985, 7.999, 7.9995
