0.673728, 0.679039, 0.690492, 0.708482, 0.731021, 0.752808, 0.776777, 0.799104, 0.820211, 0.838537, 0.852862, 0.858993, 0.860755, 0.853439, 0.8425, 0.825878, 
0.803868, 0.779978, 0.758362, 0.738801, 0.722659, 0.710024, 0.704557, 0.704346, 0.709607, 0.72037, 0.738247, 0.761994, 0.790848, 0.821544, 0.850633, 0.875477, 
0.893285, 0.900722, 0.898378, 0.884074, 0.859696, 0.826479, 0.791714, 0.755666, 0.721556, 0.696484, 0.680434, 0.673729, 0.676147, 0.683866, 0.695661, 0.712475, 
0.730819, 0.750172, 0.770378, 0.790074, 0.808671, 0.821872, 0.828273, 0.83083, 0.826838, 0.816313, 0.789286, 0.771128, 0.747464, 0.722021, 0.69835, 0.675595, 
0.658907, 0.649703, 0.64767, 0.656963, 0.674873, 0.703409, 0.739515, 0.777871, 0.816609, 0.85048, 0.879875, 0.900508, 0.909257, 0.905548, 0.890975, 0.867554, 
0.835376, 0.798605, 0.762448, 0.73119, 0.709417, 0.700106, 0.704457, 0.716452, 0.73699, 0.7592, 0.783609, 0.810161, 0.833121, 0.852948, 0.8714, 0.883534, 
0.892751, 0.894868, 0.891402, 0.880943, 0.867188, 0.84793, 0.826447, 0.802706, 0.781819, 0.762149, 0.749067, 0.740148, 0.737933, 0.743701, 0.756655, 0.776523, 
0.801655, 0.829437, 0.858051, 0.885056, 0.908569, 0.92431, 0.918254, 0.928198, 0.915494, 0.893257, 0.861585, 0.82478, 0.786615, 0.750207, 0.720994, 0.700124, 
0.690343, 0.691733, 0.700552, 0.716945, 0.737235, 0.757365, 0.777021, 0.797472, 0.813411, 0.827969, 0.835128, 0.841497, 0.841244, 0.836212, 0.823943, 0.806085, 
0.784475, 0.759194, 0.729371, 0.701781, 0.674801, 0.655404, 0.642743, 0.639719, 0.647628, 0.665268, 0.694182, 0.729578, 0.771543, 0.811418, 0.84716, 0.879191, 
0.902062, 0.915584, 0.917825, 0.909858, 0.892393, 0.865218, 0.832472, 0.797801, 0.762797, 0.73411, 0.71728, 0.713661, 0.722258, 0.744729, 0.772328, 0.804403, 
0.837321, 0.866984, 0.894957, 0.918448, 0.938939, 0.951624, 0.959523, 0.960612, 0.957408, 0.944092, 0.928041, 0.90607, 0.88276, 0.858551, 0.836984, 0.820936, 
0.812624, 0.809699, 0.819415, 0.835186, 0.859393, 0.88625, 0.916354, 0.946929, 0.976845, 1.0034, 1.02359, 1.03572, 1.03989, 1.03366, 1.01822, 0.994268, 
0.963573, 0.926169, 0.889606, 0.856721, 0.830204, 0.815469, 0.812226, 0.820207, 0.835229, 0.855899, 0.878918, 0.901089, 0.922096, 0.939762, 0.9545, 0.963823, 
0.969841, 0.967843, 0.961343, 0.949267, 0.929982, 0.908707, 0.883547, 0.855542, 0.825768, 0.799463, 0.777157, 0.760271, 0.751744, 0.753976, 0.764279, 0.786118, 
0.812897, 0.846905, 0.8815, 0.918493, 0.952679, 0.9792, 0.999173, 1.00746, 1.00686, 0.994166, 0.975313, 0.944994, 0.908533, 0.870927, 0.833147, 0.803397, 
0.786048, 0.78084, 0.790706, 0.813422, 0.843433, 0.877165, 0.910295, 0.942401, 0.970353, 0.992943, 1.01058, 1.02151, 1.02626, 1.02381, 1.01646, 1.00228, 
0.981697, 0.956992, 0.93103, 0.902882, 0.879174, 0.861259, 0.852408, 0.853494, 0.865639, 0.886462, 0.91371, 0.945867, 0.98063, 1.01535, 1.04367, 1.06948, 
1.08806, 1.09549, 1.09543, 1.08413, 1.06335, 1.03277, 0.993374, 0.951822, 0.910991, 0.875997, 0.852834, 0.842501, 0.845014, 0.858825, 0.882034, 0.906568, 
0.92836, 0.950323, 0.966607, 0.981409, 0.988113, 0.990069, 0.986511, 0.979166, 0.963842, 0.944427, 0.920776, 0.891849, 0.862048, 0.830595, 0.800072, 0.764741, 
0.75297, 0.739908, 0.737115, 0.74361, 0.759606, 0.780303, 0.808003, 0.838524, 0.8707, 0.899675, 0.924009, 0.943312, 0.953697, 0.955475, 0.947316, 0.928955, 
0.902363, 0.868366, 0.831192, 0.794497, 0.761073, 0.739579, 0.72647, 0.728108, 0.742399, 0.762669, 0.790646, 0.821684, 0.850324, 0.878584, 0.902306, 0.921946, 
0.936878, 0.94614, 0.94905, 0.946945, 0.936509, 0.92382, 0.903269, 0.882044, 0.857653, 0.83475, 0.814115, 0.800106, 0.79307, 0.794094, 0.804284, 0.822102, 
0.849076, 0.88042, 0.91367, 0.947228, 0.978698, 1.00521, 1.02555, 1.0375, 1.04241, 1.03691, 1.02167, 0.990978, 0.968441, 0.934888, 0.90112, 0.872557, 
0.849512, 0.841088, 0.84203, 0.853833, 0.873915, 0.898689, 0.924571, 0.948045, 0.969779, 0.984062, 0.994789, 0.999618, 0.999104, 0.991936, 0.978976, 0.962961, 
0.940753, 0.915356, 0.887762, 0.85834, 0.831826, 0.808823, 0.789731, 0.779386, 0.776496, 0.782905, 0.7974, 0.81953, 0.845886, 0.87596, 0.905735, 0.93304, 
0.954747, 0.970927, 0.977194, 0.975792, 0.962523, 0.941959, 0.913748, 0.878704, 0.842974, 0.806322, 0.77827, 0.758033, 0.751067, 0.754649, 0.769164, 0.794197, 
0.820991, 0.848946, 0.877249, 0.900217, 0.919999, 0.933346, 0.941328, 0.944348, 0.942529, 0.934443, 0.921437, 0.902848, 0.88145, 0.85785, 0.833548, 0.809355, 
0.788852, 0.774417, 0.768289, 0.770533, 0.782013, 0.803017, 0.831017, 0.863141, 0.898143, 0.931847, 0.961322, 0.984195, 1.00171, 1.01063, 1.0105, 1.00224, 
0.985079, 0.96084, 0.930811, 0.897875, 0.866146, 0.839733, 0.818079, 0.810679, 0.81102, 0.824411, 0.844075, 0.869884, 0.89542, 0.920292, 0.942237, 0.960355, 
0.972684, 0.979492, 0.982031, 0.978523, 0.970837, 0.958301, 0.941474, 0.921169, 0.896218, 0.870958, 0.844691, 0.819301, 0.799485, 0.784753, 0.779924, 0.783771, 
0.799632, 0.82354, 0.854385, 0.888154, 0.924824, 0.956673, 0.983167, 1.00234, 1.01559, 1.01863, 1.01092, 0.995881, 0.972441, 0.941488, 0.907018, 0.870868, 
0.838993, 0.816279, 0.803218, 0.802111, 0.814654, 0.835454, 0.864133, 0.89472, 0.923975, 0.95113, 0.975682, 0.99511, 1.0062, 1.01366, 1.01637, 1.0116, 
1.00118, 0.986963, 0.965731, 0.941221, 0.9165, 0.890687, 0.866489, 0.849608, 0.840132, 0.839118, 0.850559, 0.871152, 0.899735, 0.933523, 0.968339, 1.00423, 
1.03481, 1.06028, 1.07972, 1.08914, 1.09218, 1.08505, 1.06892, 1.04462, 1.01568, 0.981545, 0.947771, 0.916244, 0.894069, 0.879589, 0.878633, 0.889048, 
0.906001, 0.929277, 0.954833, 0.979471, 1.00356, 1.02402, 1.03876, 1.05097, 1.05962, 1.05501, 1.04718, 1.03352, 1.01409, 0.98892, 0.960771, 0.930031, 
0.896533, 0.866664, 0.840702, 0.822233, 0.814662, 0.819563, 0.835759, 0.86224, 0.897034, 0.935055, 0.973475, 1.00847, 1.03761, 1.06026, 1.07375, 1.07637, 
1.06789, 1.05061, 1.02183, 0.987339, 0.946102, 0.903098, 0.863125, 0.832322, 0.81309, 0.809642, 0.821323, 0.845387, 0.878241, 0.912738, 0.948739, 0.982597, 
1.01082, 1.03281, 1.04856, 1.05712, 1.05721, 1.05075, 1.03696, 1.01631, 0.991621, 0.960836, 0.930593, 0.900137, 0.873183, 0.853423, 0.843488, 0.844445, 
0.856832, 0.881487, 0.911544, 0.950754, 0.976028, 1.01428, 1.04658, 1.07332, 1.09194, 1.10173, 1.10231, 1.09404, 1.07699, 1.05086, 1.01925, 0.983837, 
0.944853, 0.91263, 0.885467, 0.868306, 0.86431, 0.869987, 0.885701, 0.908949, 0.934724, 0.962628, 0.98698, 1.0101, 1.02675, 1.04051, 1.04453, 1.04371, 
1.03682, 1.02368, 1.00479, 0.980597, 0.95308, 0.921763, 0.889868, 0.859185, 0.831562, 0.812658, 0.800908, 0.802254, 0.813307, 0.834353, 0.864984, 0.899548, 
0.936961, 0.97285, 1.00256, 1.02708, 1.0444, 1.05194, 1.04959, 1.03678, 1.01485, 0.984515, 0.9503, 0.910812, 0.874975, 0.84316, 0.820526, 0.809954, 
0.8175, 0.834936, 0.864253, 0.900623, 0.940668, 0.977089, 1.01001, 1.03801, 1.05749, 1.07219, 1.07692, 1.07504, 1.06525, 1.04868, 1.02689, 1.0015, 
0.972968, 0.945399, 0.919845, 0.901745, 0.892436, 0.893019, 0.905845, 0.927844, 0.957807, 0.992535, 1.03081, 1.06698, 1.09844, 1.12437, 1.14313, 1.15475, 
1.15716, 1.14993, 1.13397, 1.11088, 1.08176, 1.04944, 1.01625, 0.985836, 0.960876, 0.947255, 0.945043, 0.952957, 0.971074, 0.995284, 1.02271, 1.05021, 
1.07596, 1.09648, 1.11129, 1.11938, 1.11948, 1.11357, 1.10221, 1.08389, 1.06253, 1.03585, 1.00524, 0.974255, 0.942653, 0.914094, 0.890153, 0.871945, 
0.864723, 0.866714, 0.879941, 0.903068, 0.931333, 0.965037, 0.996874, 1.02797, 1.05486, 1.07486, 1.08538, 1.08842, 1.08221, 1.06683, 1.04113, 1.01073, 
0.973467, 0.933826, 0.896455, 0.86444, 0.842717, 0.834741, 0.84269, 0.862282, 0.894296, 0.930095, 0.969701, 1.00627, 1.03794, 1.06455, 1.08296, 1.09389, 
1.09731, 1.09329, 1.083, 1.06666, 1.0445, 1.01684, 0.990096, 0.961499, 0.934866, 0.913981, 0.902682, 0.900432, 0.911804, 0.934127, 0.963721, 1.00284, 
1.04175, 1.08139, 1.11599, 1.14593, 1.16839, 1.1816, 1.1855, 1.18158, 1.1675, 1.14589, 1.11933, 1.08707, 1.05549, 1.0239, 1.00058, 0.986621, 
0.983171, 0.992926, 1.01244, 1.03728, 1.06921, 1.09832, 1.12483, 1.1477, 1.16461, 1.17435, 1.17695, 1.17436, 1.16741, 1.14811, 1.1275, 1.10112, 
1.07051, 1.04108, 1.00855, 0.979558, 0.954596, 0.936792, 0.930641, 0.933384, 0.94936, 0.972893, 1.00307, 1.03539, 1.06895, 1.09877, 1.12382, 1.14092, 
1.15034, 1.15089, 1.14265, 1.12439, 1.09965, 1.06676, 1.02987, 0.989358, 0.951902, 0.920888, 0.901086, 0.894828, 0.902592, 0.922658, 0.952409, 0.990137, 
1.02778, 1.06484, 1.09641, 1.12212, 1.14056, 1.152, 1.15383, 1.14901, 1.13678, 1.11936, 1.0945, 1.06495, 1.03552, 1.00451, 0.977024, 0.958207, 
0.948555, 0.951582, 0.968067, 0.994669, 1.02893, 1.07015, 1.11272, 1.15779, 1.18548, 1.21629, 1.23792, 1.25104, 1.25468, 1.24891, 1.23432, 1.21144, 
1.18158, 1.14588, 1.11197, 1.08049, 1.05708, 1.04352, 1.04584, 1.05918, 1.08374, 1.11543, 1.15096, 1.18236, 1.21325, 1.23536, 1.25361, 1.26196, 
1.26456, 1.25808, 1.24443, 1.22439, 1.19876, 1.16767, 1.13339, 1.09999, 1.06758, 1.03879, 1.018, 1.00694, 1.00498, 1.01547, 1.03546, 1.0617, 
1.09321, 1.12596, 1.15743, 1.18416, 1.20462, 1.21768, 1.22345, 1.21727, 1.20299, 1.17984, 1.14822, 1.11108, 1.06895, 1.02573, 0.987969, 0.959862, 
0.944507, 0.944799, 0.959079, 0.984212, 1.01772, 1.05455, 1.09095, 1.12504, 1.15391, 1.17501, 1.18875, 1.19495, 1.19314, 1.18351, 1.16745, 1.14292, 
1.11424, 1.08239, 1.04847, 1.01909, 0.995103, 0.978645, 0.973011, 0.981482, 1.00115, 1.03143, 1.06852, 1.10897, 1.15082, 1.1884, 1.22076, 1.24575, 
1.26179, 1.2708, 1.26945, 1.25925, 1.24169, 1.21528, 1.18539, 1.15424, 1.12366, 1.09762, 1.08195, 1.07547, 1.08114, 1.09883, 1.12544, 1.15625, 
1.18938, 1.22184, 1.25004, 1.27261, 1.28908, 1.29739, 1.29861, 1.29263, 1.27808, 1.25794, 1.23245, 1.20295, 1.17292, 1.14128, 1.11602, 1.09357, 
1.0797, 1.07552, 1.08063, 1.0977, 1.11986, 1.14655, 1.1759, 1.2051, 1.23219, 1.25282, 1.26811, 1.2764, 1.27574, 1.26788, 1.25319, 1.23049, 
1.2027, 1.16901, 1.13597, 1.10195, 1.07374, 1.05342, 1.04405, 1.04829, 1.06342, 1.09053, 1.12189, 1.15516, 1.18928, 1.21926, 1.24461, 1.26305, 
1.27135, 1.27356, 1.26905, 1.25536, 1.23679, 1.21119, 1.18353, 1.15491, 1.12615, 1.10139, 1.08214, 1.0744, 1.07494, 1.08704, 1.11058, 1.14111, 
1.17805, 1.21393, 1.24951, 1.28108, 1.30559, 1.32417, 1.33459, 1.33766, 1.33217, 1.32099, 1.30114, 1.27603, 1.24815, 1.21978, 1.19245, 1.17224, 
1.16062, 1.16109, 1.17221, 1.19396, 1.22192, 1.25267, 1.28538, 1.31428, 1.33885, 1.35668, 1.36592, 1.36966, 1.36569, 1.35316, 1.33615, 1.31418, 
1.28707, 1.25797, 1.22913, 1.20337, 1.1788, 1.16468, 1.15637, 1.15783, 1.17082, 1.18827, 1.21373, 1.2397, 1.26708, 1.29262, 1.31365, 1.32806, 
1.33668, 1.33874, 1.33254, 1.32018, 1.29912, 1.27315, 1.24162, 1.208, 1.17361, 1.14337, 1.11932, 1.1084, 1.10864, 1.12112, 1.14435, 1.17442, 
1.20702, 1.2394, 1.26843, 1.29215, 1.30848, 1.3182, 1.32234, 1.31746, 1.30596, 1.28814, 1.26552, 1.23994, 1.2105, 1.18059, 1.15444, 1.1332, 
1.12036, 1.12131, 1.12599, 1.14414, 1.17047, 1.20262, 1.2354, 1.26999, 1.30072, 1.3263, 1.34494, 1.3575, 1.36305, 1.36252, 1.3533, 1.3373, 
1.31617, 1.2917, 1.26441, 1.23673, 1.21707, 1.19962, 1.19519, 1.20217, 1.21801, 1.24278, 1.27353, 1.30416, 1.33395, 1.36097, 1.38283, 1.39852, 
1.40613, 1.40849, 1.40459, 1.39313, 1.37437, 1.35447, 1.32769, 1.29943, 1.27203, 1.24802, 1.22764, 1.21667, 1.21465, 1.22028, 1.23497, 1.25623, 
1.28014, 1.30639, 1.33126, 1.35376, 1.37129, 1.38447, 1.39234, 1.392, 1.38654, 1.37374, 1.35415, 1.32935, 1.29917, 1.26829, 1.23537, 1.20906, 
1.18985, 1.18251, 1.18552, 1.20185, 1.22715, 1.25773, 1.28843, 1.32002, 1.34749, 1.36899, 1.385, 1.39356, 1.3938, 1.38658, 1.37126, 1.35199, 
1.32679, 1.29679, 1.26532, 1.23678, 1.21271, 1.1972, 1.19047, 1.1957, 1.2096, 1.23146, 1.25987, 1.29072, 1.32059, 1.34881, 1.37384, 1.39396, 
1.40709, 1.41584, 1.41541, 1.4092, 1.39554, 1.3754, 1.35054, 1.32295, 1.2945, 1.26971, 1.24982, 1.24199, 1.24336, 1.25632, 1.27856, 1.30695, 
1.33638, 1.36725, 1.39099, 1.413, 1.42864, 1.4368, 1.43881, 1.43434, 1.42264, 1.40531, 1.38089, 1.35446, 1.32519, 1.29688, 1.27164, 1.25107, 
1.23758, 1.23336, 1.23664, 1.24865, 1.26601, 1.28635, 1.30936, 1.33263, 1.35327, 1.37141, 1.3851, 1.39328, 1.39469, 1.38995, 1.37912, 1.36085, 
1.33614, 1.30616, 1.27474, 1.24103, 1.21261, 1.18867, 1.176, 1.17316, 1.18417, 1.2038, 1.23099, 1.26026, 1.29114, 1.31799, 1.3415, 1.35895, 
1.36865, 1.37345, 1.36944, 1.35876, 1.34246, 1.31997, 1.29361, 1.26558, 1.23864, 1.2121, 1.19187, 1.17918, 1.17628, 1.18254, 1.19742, 1.21916, 
1.24665, 1.27676, 1.30565, 1.33481, 1.35725, 1.37654, 1.38901, 1.39523, 1.39473, 1.38616, 1.37186, 1.35203, 1.32769, 1.30231, 1.27698, 1.25651, 
1.24435, 1.23906, 1.24446, 1.25954, 1.28046, 1.30743, 1.33435, 1.36276, 1.38593, 1.40665, 1.4204, 1.42841, 1.42895, 1.42377, 1.41177, 1.39524, 
1.37335, 1.35037, 1.32421, 1.29926, 1.27651, 1.26051, 1.25099, 1.24906, 1.25474, 1.26795, 1.2849, 1.30406, 1.32565, 1.34643, 1.36673, 1.38258, 
1.39314, 1.39955, 1.39861, 1.39201, 1.37971, 1.36208, 1.33827, 1.31178, 1.28318, 1.25614, 1.23123, 1.21411, 1.20643, 1.20705, 1.21871, 1.23924, 
1.26453, 1.29366, 1.32149, 1.3466, 1.36816, 1.38171, 1.39037, 1.39054, 1.38332, 1.37035, 1.34937, 1.32579, 1.29818, 1.27066, 1.24312, 1.22202, 
1.20608, 1.19708, 1.19931, 1.20937, 1.22792, 1.25205, 1.28035, 1.31042, 1.33757, 1.36271, 1.38287, 1.398, 1.40729, 1.41119, 1.40375, 1.39254, 
1.37568, 1.35377, 1.32957, 1.3048, 1.28104, 1.26423, 1.25322, 1.25282, 1.26381, 1.28129, 1.30692, 1.33487, 1.36545, 1.39211, 1.41718, 1.43385, 
1.44546, 1.45108, 1.44841, 1.43821, 1.42428, 1.40585, 1.38146, 1.35807, 1.33203, 1.30986, 1.29204, 1.27891, 1.27245, 1.27408, 1.28289, 1.29552, 
1.31367, 1.33229, 1.35221, 1.37096, 1.38762, 1.40037, 1.40868, 1.4115, 1.41036, 1.40229, 1.38994, 1.37141, 1.34874, 1.32229, 1.29274, 1.26605, 
1.24159, 1.22368, 1.2142, 1.2156, 1.22674, 1.24574, 1.27132, 1.29932, 1.32707, 1.35191, 1.37161, 1.38515, 1.3912, 1.39139, 1.3841, 1.37223, 
1.35379, 1.3323, 1.30617, 1.27953, 1.25426, 1.2307, 1.21312, 1.20277, 1.20273, 1.20926, 1.22505, 1.24772, 1.27277, 1.30154, 1.32978, 1.35598, 
1.3788, 1.3966, 1.40877, 1.41339, 1.41181, 1.40553, 1.39031, 1.37085, 1.349, 1.32408, 1.30189, 1.28303, 1.27114, 1.27094, 1.27988, 1.29936, 
1.32425, 1.35627, 1.38726, 1.41521, 1.44102, 1.45986, 1.47248, 1.47936, 1.47891, 1.47456, 1.4625, 1.44671, 1.42624, 1.404, 1.3796, 1.35693, 
1.33968, 1.32616, 1.32037, 1.32168, 1.32909, 1.34465, 1.36102, 1.38135, 1.40237, 1.42162, 1.4392, 1.45204, 1.46045, 1.46369, 1.45974, 1.45267, 
1.43756, 1.41781, 1.39313, 1.36569, 1.336, 1.30781, 1.28365, 1.26638, 1.25889, 1.26217, 1.27619, 1.29652, 1.32117, 1.34651, 1.37169, 1.39345, 
1.40857, 1.41794, 1.42255, 1.41721, 1.40692, 1.39092, 1.36914, 1.34338, 1.31369, 1.28321, 1.25428, 1.22979, 1.20796, 1.19871, 1.19655, 1.20447, 
1.22179, 1.24317, 1.26949, 1.29738, 1.32312, 1.34749, 1.36841, 1.38375, 1.39218, 1.39446, 1.39036, 1.37955, 1.3624, 1.33875, 1.3161, 1.28709, 
1.2599, 1.23754, 1.22292, 1.21926, 1.22706, 1.24632, 1.27325, 1.30538, 1.33709, 1.36776, 1.39445, 1.41424, 1.4294, 1.43659, 1.43731, 1.43015, 
1.4187, 1.40104, 1.37872, 1.35432, 1.32961, 1.30549, 1.28381, 1.26925, 1.26236, 1.2627, 1.27152, 1.28478, 1.30429, 1.32562, 1.34761, 1.36816, 
1.38549, 1.39981, 1.40991, 1.41513, 1.41362, 1.40778, 1.39427, 1.37541, 1.35199, 1.32499, 1.29521, 1.26443, 1.23956, 1.22051, 1.2123, 1.21267, 
1.22248, 1.24344, 1.26711, 1.29319, 1.31955, 1.34141, 1.3584, 1.36932, 1.37416, 1.36845, 1.36424, 1.34897, 1.32641, 1.30155, 1.27118, 1.24273, 
1.21311, 1.18821, 1.16901, 1.15944, 1.15693, 1.16402, 1.17757, 1.19955, 1.22404, 1.25025, 1.27618, 1.29986, 1.31995, 1.33516, 1.34506, 1.34873, 
1.34484, 1.33507, 1.31919, 1.29835, 1.27288, 1.24517, 1.21853, 1.19788, 1.18482, 1.18034, 1.18903, 1.20707, 1.23405, 1.26542, 1.29933, 1.32964, 
1.35642, 1.37677, 1.39154, 1.39953, 1.40111, 1.39507, 1.38245, 1.36551, 1.34451, 1.32044, 1.29621, 1.27368, 1.25569, 1.24334, 1.2383, 1.24011, 
1.25142, 1.26684, 1.28809, 1.31074, 1.33297, 1.35459, 1.37371, 1.38847, 1.39918, 1.40282, 1.40101, 1.39528, 1.38304, 1.36466, 1.34109, 1.31659, 
1.2865, 1.26005, 1.23821, 1.22163, 1.21528, 1.21759, 1.23085, 1.25106, 1.27632, 1.3024, 1.32755, 1.34886, 1.36496, 1.37503, 1.3788, 1.37596, 
1.36508, 1.34807, 1.32653, 1.30004, 1.27083, 1.24162, 1.21309, 1.19055, 1.17215, 1.16325, 1.16106, 1.16863, 1.18356, 1.20422, 1.22861, 1.25389, 
1.27967, 1.302, 1.32174, 1.33442, 1.34302, 1.34503, 1.34122, 1.32936, 1.31321, 1.29069, 1.26586, 1.23858, 1.21287, 1.19309, 1.1787, 1.17771, 
1.18548, 1.20426, 1.23027, 1.26197, 1.29523, 1.32657, 1.35325, 1.37437, 1.38963, 1.39699, 1.39816, 1.39296, 1.38093, 1.36328, 1.34167, 1.31635, 
1.29377, 1.27028, 1.25333, 1.24155, 1.23662, 1.24166, 1.25223, 1.2691, 1.28986, 1.31185, 1.33475, 1.3564, 1.37559, 1.38938, 1.39884, 1.40441, 
1.40377, 1.39816, 1.38502, 1.36765, 1.34557, 1.32017, 1.29425, 1.26734, 1.24624, 1.23168, 1.22653, 1.22996, 1.24402, 1.26487, 1.29024, 1.31782, 
1.34272, 1.36489, 1.38147, 1.39127, 1.39398, 1.39031, 1.38143, 1.3639, 1.34305, 1.31603, 1.28809, 1.25871, 1.23213, 1.20975, 1.1949, 1.18672, 
1.18595, 1.19525, 1.21045, 1.23184, 1.25706, 1.28286, 1.30716, 1.33052, 1.34754, 1.36168, 1.36932, 1.3703, 1.36535, 1.35339, 1.33612, 1.31383, 
1.2863, 1.25857, 1.2321, 1.20991, 1.198, 1.19672, 1.2067, 1.22824, 1.25932, 1.29315, 1.32761, 1.36049, 1.38759, 1.40974, 1.42308, 1.43109, 
1.42892, 1.42139, 1.4073, 1.38762, 1.36517, 1.33918, 1.31516, 1.29247, 1.27389, 1.26205, 1.25904, 1.26386, 1.27664, 1.29674, 1.31932, 1.34534, 
1.36828, 1.39106, 1.40966, 1.42435, 1.43372, 1.43656, 1.43443, 1.42479, 1.41045, 1.39057, 1.36548, 1.3379, 1.30873, 1.28087, 1.25902, 1.24539, 
1.24104, 1.24784, 1.26407, 1.28818, 1.31641, 1.34547, 1.37223, 1.39348, 1.40867, 1.41708, 1.41765, 1.41125, 1.3988, 1.37907, 1.35528, 1.32403, 
1.2943, 1.26331, 1.23385, 1.21115, 1.19398, 1.18691, 1.18857, 1.1993, 1.21664, 1.24, 1.26695, 1.29308, 1.31825, 1.34107, 1.35783, 1.37049, 
1.37663, 1.37635, 1.37005, 1.35598, 1.33711, 1.31185, 1.28349, 1.25427, 1.22607, 1.205, 1.19316, 1.19261, 1.20509, 1.22912, 1.26181, 1.29729, 
1.33347, 1.36689, 1.39472, 1.41594, 1.42916, 1.43491, 1.43379, 1.4244, 1.40952, 1.38818, 1.36421, 1.33732, 1.3135, 1.28851, 1.27081, 1.2624, 
1.26088, 1.26749, 1.28328, 1.30464, 1.32975, 1.35525, 1.38141, 1.40412, 1.4238, 1.43749, 1.44562, 1.44885, 1.44537, 1.43612, 1.42181, 1.40144, 
1.37617, 1.34764, 1.3212, 1.29606, 1.27689, 1.26566, 1.26576, 1.27637, 1.29541, 1.32198, 1.35039, 1.37941, 1.40448, 1.42531, 1.43883, 1.44644, 
1.44637, 1.43895, 1.42474, 1.40395, 1.37932, 1.35003, 1.32022, 1.29094, 1.26562, 1.24481, 1.23238, 1.22835, 1.23406, 1.24769, 1.26768, 1.29218, 
1.31684, 1.34338, 1.36704, 1.38597, 1.40059, 1.41027, 1.41208, 1.40783, 1.39871, 1.38367, 1.36106, 1.33489, 1.30794, 1.27919, 1.25537, 1.23754, 
1.23076, 1.23585, 1.25247, 1.28017, 1.31293, 1.34753, 1.38129, 1.41065, 1.4349, 1.45166, 1.45919, 1.46315, 1.45805, 1.44709, 1.43069, 1.40874, 
1.38456, 1.35936, 1.33584, 1.31611, 1.30185, 1.29585, 1.29817, 1.3089, 1.32713, 1.3484, 1.37368, 1.39903, 1.42206, 1.44234, 1.45976, 1.47172, 
1.47827, 1.47864, 1.47497, 1.46413, 1.44913, 1.42844, 1.40435, 1.37988, 1.35406, 1.33244, 1.31682, 1.31048, 1.31483, 1.32831, 1.34954, 1.37612, 
1.40231, 1.4282, 1.45129, 1.46801, 1.47827, 1.48257, 1.47988, 1.47098, 1.45487, 1.43425, 1.409, 1.38079, 1.35173, 1.32435, 1.3022, 1.28593, 
1.27819, 1.27848, 1.28715, 1.30337, 1.32422, 1.34715, 1.37271, 1.39463, 1.41565, 1.43251, 1.44358, 1.44917, 1.44885, 1.4422, 1.43021, 1.41154, 
1.38789, 1.36292, 1.33455, 1.30986, 1.2891, 1.27822, 1.27716, 1.28885, 1.30927, 1.33814, 1.36936, 1.40194, 1.4316, 1.4569, 1.47648, 1.48772, 
1.4937, 1.49183, 1.48448, 1.47025, 1.45139, 1.42825, 1.40427, 1.38072, 1.35869, 1.34331, 1.33503, 1.33288, 1.33802, 1.35294, 1.37128, 1.39363, 
1.41597, 1.43877, 1.46008, 1.47644, 1.48872, 1.49869, 1.50028, 1.49962, 1.49355, 1.48024, 1.46341, 1.44295, 1.41946, 1.39537, 1.37369, 1.35661, 
1.34593, 1.34512, 1.35286, 1.36847, 1.39175, 1.41722, 1.44384, 1.46772, 1.48686, 1.50173, 1.51113, 1.51332, 1.50805, 1.49738, 1.48117, 1.45916, 
1.43312, 1.40513, 1.37797, 1.35308, 1.33243, 1.31971, 1.31477, 1.31908, 1.33027, 1.34833, 1.37056, 1.39424, 1.41824, 1.44096, 1.45848, 1.47382, 
1.484, 1.48823, 1.48796, 1.47971, 1.46717, 1.44859, 1.42485, 1.3989, 1.37384, 1.34942, 1.33093, 1.32322, 1.32493, 1.33928, 1.36279, 1.39406, 
1.42599, 1.4589, 1.48752, 1.51168, 1.52885, 1.54056, 1.54368, 1.54111, 1.53212, 1.51659, 1.49791, 1.47471, 1.45104, 1.42904, 1.40978, 1.39614, 
1.39127, 1.3938, 1.40357, 1.4207, 1.43933, 1.46216, 1.4849, 1.50597, 1.52347, 1.5373, 1.54762, 1.55259, 1.55454, 1.54917, 1.53923, 1.5256, 
1.50771, 1.48615, 1.46466, 1.44257, 1.42243, 1.40833, 1.40166, 1.40254, 1.41346, 1.43054, 1.45328, 1.4778, 1.50209, 1.52244, 1.53914, 1.55004, 
1.55522, 1.55451, 1.54761, 1.53453, 1.51662, 1.49592, 1.4705, 1.44329, 1.4184, 1.39734, 1.37959, 1.3693, 1.36686, 1.37129, 1.38281, 1.39835, 
1.41936, 1.43982, 1.46144, 1.48077, 1.49663, 1.50868, 1.51632, 1.52067, 1.51711, 1.50854, 1.49653, 1.47768, 1.45606, 1.43104, 1.40584, 1.38299, 
1.36594, 1.35839, 1.36104, 1.37454, 1.39788, 1.42678, 1.45953, 1.4899, 1.51942, 1.54232, 1.55786, 1.56765, 1.57301, 1.56946, 1.56116, 1.54574, 
1.52732, 1.50468, 1.48185, 1.45901, 1.44261, 1.42878, 1.42357, 1.42719, 1.43703, 1.45249, 1.47257, 1.4955, 1.51917, 1.54026, 1.55886, 1.57427, 
1.58347, 1.58974, 1.59217, 1.58786, 1.57918, 1.56557, 1.54822, 1.52785, 1.50478, 1.48449, 1.46515, 1.45204, 1.44515, 1.44809, 1.45929, 1.47768, 
1.49987, 1.52423, 1.54636, 1.56686, 1.58112, 1.59097, 1.59554, 1.59368, 1.58541, 1.57174, 1.55281, 1.52951, 1.50296, 1.47575, 1.45103, 1.42822, 
1.41028, 1.40102, 1.39722, 1.40232, 1.41344, 1.42751, 1.44579, 1.46408, 1.48237, 1.49977, 1.51327, 1.52414, 1.53151, 1.53244, 1.53008, 1.52004, 
1.50593, 1.48503, 1.46076, 1.4348, 1.40658, 1.38122, 1.36044, 1.35024, 1.34939, 1.36007, 1.38325, 1.41336, 1.44454, 1.47791, 1.50728, 1.53155, 
1.54874, 1.55981, 1.56364, 1.56203, 1.55205, 1.53787, 1.51861, 1.49438, 1.47062, 1.44555, 1.42531, 1.40923, 1.40194, 1.40166, 1.41136, 1.42715, 
1.44688, 1.47211, 1.49803, 1.52088, 1.54387, 1.5608, 1.57501, 1.58427, 1.58784, 1.58675, 1.57967, 1.56799, 1.55117, 1.53023, 1.50787, 1.48609, 
1.4641, 1.44926, 1.44298, 1.44522, 1.45688, 1.47696, 1.50072, 1.52656, 1.55172, 1.57332, 1.58992, 1.60146, 1.60626, 1.6061, 1.59675, 1.58325, 
1.56362, 1.541, 1.51365, 1.48624, 1.4591, 1.43632, 1.41916, 1.40806, 1.4042, 1.40745, 1.41824, 1.43275, 1.44936, 1.46733, 1.48604, 1.50278, 
1.51591, 1.52613, 1.53154, 1.53162, 1.52659, 1.51612, 1.49923, 1.47715, 1.45106, 1.42165, 1.39074, 1.36446, 1.34382, 1.33187, 1.33113, 1.34178, 
1.36293, 1.39075, 1.42141, 1.45261, 1.47979, 1.50288, 1.52103, 1.53115, 1.53495, 1.53227, 1.52228, 1.50696, 1.4864, 1.46156, 1.43579, 1.40998, 
1.38638, 1.36863, 1.35807, 1.35506, 1.36068, 1.37436, 1.39385, 1.41879, 1.44611, 1.47444, 1.49891, 1.52128, 1.53949, 1.55156, 1.55885, 1.55934, 
1.55504, 1.54398, 1.52851, 1.50825, 1.48407, 1.46108, 1.44099, 1.42514, 1.41765, 1.41937, 1.43101, 1.45052, 1.4753, 1.5037, 1.53147, 1.5563, 
1.57525, 1.58987, 1.5985, 1.60025, 1.59596, 1.58536, 1.57008, 1.54925, 1.52468, 1.49842, 1.47321, 1.44995, 1.43353, 1.4207, 1.41556, 1.41872, 
1.42994, 1.4445, 1.46271, 1.48229, 1.50295, 1.52099, 1.53696, 1.54931, 1.5555, 1.55837, 1.55373, 1.5448, 1.5291, 1.50799, 1.48365, 1.45538, 
1.42678, 1.40161, 1.38158, 1.37042, 1.36974, 1.3786, 1.39671, 1.42205, 1.44857, 1.47568, 1.50085, 1.52186, 1.53593, 1.54468, 1.54631, 1.54187, 
1.53291, 1.51537, 1.49566, 1.47256, 1.44698, 1.42045, 1.4, 1.38255, 1.37177, 1.36882, 1.37277, 1.38552, 1.40412, 1.42537, 1.45023, 1.47454, 
1.49766, 1.51696, 1.53285, 1.54253, 1.54808, 1.54731, 1.5421, 1.53073, 1.5143, 1.49354, 1.47129, 1.44784, 1.42734, 1.41173, 1.40347, 1.40486, 
1.41569, 1.43478, 1.45757, 1.48332, 1.50885, 1.53214, 1.55101, 1.56316, 1.57157, 1.5743, 1.57069, 1.56172, 1.54853, 1.53007, 1.5089, 1.48521, 
1.46242, 1.44054, 1.42352, 1.41117, 1.40592, 1.40731, 1.41681, 1.43057, 1.4482, 1.46862, 1.48852, 1.5081, 1.52305, 1.53603, 1.54419, 1.54644, 
1.54285, 1.53407, 1.5203, 1.49995, 1.47647, 1.44908, 1.4223, 1.39771, 1.37957, 1.36653, 1.36579, 1.37455, 1.3921, 1.41526, 1.44139, 1.46766, 
1.49063, 1.50907, 1.52324, 1.53081, 1.53344, 1.53015, 1.52114, 1.5058, 1.48744, 1.46411, 1.44002, 1.41376, 1.39117, 1.37133, 1.35948, 1.35554, 
1.35971, 1.37155, 1.39014, 1.41258, 1.43761, 1.46163, 1.4828, 1.50194, 1.51646, 1.5254, 1.52899, 1.52704, 1.52016, 1.50739, 1.4919, 1.47153, 
1.44892, 1.42593, 1.40589, 1.38968, 1.38061, 1.38128, 1.38968, 1.40589, 1.42855, 1.45197, 1.4761, 1.49801, 1.51558, 1.5292, 1.53729, 1.5401, 
1.53588, 1.52739, 1.51431, 1.49636, 1.47456, 1.45099, 1.42773, 1.40599, 1.38709, 1.37394, 1.36795, 1.36859, 1.37636, 1.39037, 1.40817, 1.42816, 
1.45003, 1.46913, 1.48578, 1.49839, 1.50815, 1.51192, 1.51016, 1.50336, 1.48966, 1.47185, 1.45003, 1.42543, 1.39938, 1.37463, 1.35352, 1.34169, 
1.33859, 1.34496, 1.35987, 1.38267, 1.4089, 1.43451, 1.45931, 1.47915, 1.49644, 1.5057, 1.51052, 1.50926, 1.50226, 1.48904, 1.47319, 1.45139, 
1.4276, 1.40473, 1.38329, 1.36583, 1.35391, 1.34965, 1.35269, 1.36386, 1.38298, 1.4047, 1.42951, 1.45461, 1.47742, 1.49668, 1.51149, 1.52147, 
1.52647, 1.52655, 1.52008, 1.50846, 1.49356, 1.47403, 1.45213, 1.43141, 1.41168, 1.39754, 1.39025, 1.39126, 1.40104, 1.41565, 1.43711, 1.45986, 
1.48269, 1.50277, 1.51933, 1.53129, 1.53905, 1.54149, 1.53707, 1.52884, 1.51539, 1.49819, 1.47826, 1.45548, 1.43186, 1.41053, 1.39278, 1.38016, 
1.37435, 1.37456, 1.38293, 1.39545, 1.41196, 1.43168, 1.45086, 1.46956, 1.48483, 1.49747, 1.50495, 1.50794, 1.50527, 1.49695, 1.48308, 1.46564, 
1.44337, 1.41856, 1.39329, 1.36945, 1.35087, 1.33942, 1.33652, 1.34294, 1.35758, 1.37847, 1.40349, 1.42901, 1.45304, 1.47368, 1.48958, 1.5009, 
1.50659, 1.50633, 1.50109, 1.48961, 1.47389, 1.45629, 1.4342, 1.41141, 1.39079, 1.37304, 1.3608, 1.3567, 1.36041, 1.37196, 1.39045, 1.41355, 
1.43862, 1.46399, 1.48813, 1.50792, 1.52419, 1.53507, 1.54126, 1.5405, 1.53562, 1.52584, 1.51179, 1.4939, 1.47359, 1.45473, 1.43742, 1.42682, 
1.42111, 1.42289, 1.43308, 1.44816, 1.46854, 1.48954, 1.51205, 1.53033, 1.54559, 1.55706, 1.56419, 1.56582, 1.56325, 1.55456, 1.54227, 1.52601, 
1.5069, 1.48688, 1.46591, 1.44756, 1.432, 1.42243, 1.41863, 1.42205, 1.42915, 1.44134, 1.45639, 1.4726, 1.48922, 1.50307, 1.51562, 1.524, 
1.52926, 1.52897, 1.52422, 1.51445, 1.50119, 1.48186, 1.46122, 1.43783, 1.415, 1.39566, 1.38103, 1.37196, 1.37194, 1.37806, 1.39306, 1.41172, 
1.43219, 1.45263, 1.47123, 1.48659, 1.49856, 1.50516, 1.5069, 1.50229, 1.4951, 1.48088, 1.46385, 1.44456, 1.424, 1.4043, 1.38552, 1.37145, 
1.36422, 1.3614, 1.36797, 1.37989, 1.3976, 1.41712, 1.43947, 1.46159, 1.48126, 1.49862, 1.51093, 1.52019, 1.52314, 1.5218, 1.51555, 1.50349, 
1.4905, 1.47307, 1.45464, 1.43762, 1.42489, 1.41541, 1.41441, 1.42003, 1.43223, 1.44841, 1.46821, 1.48942, 1.50739, 1.5245, 1.53712, 1.54621, 
1.55047, 1.54994, 1.54586, 1.53704, 1.52414, 1.50933, 1.493, 1.47403, 1.45595, 1.44116, 1.42927, 1.42196, 1.42149, 1.42602, 1.43538, 1.44969, 
1.46425, 1.48118, 1.49712, 1.51003, 1.52055, 1.52607, 1.52936, 1.52684, 1.51951, 1.50808, 1.49351, 1.47363, 1.45225, 1.43087, 1.41123, 1.39501, 
1.38347, 1.37959, 1.38301, 1.39268, 1.4085, 1.42604, 1.44478, 1.46234, 1.47632, 1.48799, 1.4948, 1.49801, 1.49493, 1.48961, 1.4802, 1.46434, 
1.44829, 1.42892, 1.40928, 1.39024, 1.37291, 1.36169, 1.35555, 1.35683, 1.36525, 1.37862, 1.39711, 1.41853, 1.43903, 1.45888, 1.47601, 1.48993, 
1.49933, 1.50264, 1.50322, 1.49933, 1.4894, 1.47768, 1.46358, 1.44631, 1.43169, 1.41664, 1.40731, 1.40224, 1.40394, 1.41111, 1.42384, 1.44059, 
1.45963, 1.47737, 1.49377, 1.5088, 1.51861, 1.52537, 1.52943, 1.52793, 1.52303, 1.51375, 1.50265, 1.48921, 1.47319, 1.45697, 1.44249, 1.42944, 
1.42195, 1.41887, 1.42106, 1.4293, 1.44037, 1.45499, 1.47029, 1.48584, 1.4993, 1.51093, 1.51954, 1.52395, 1.52449, 1.52183, 1.51541, 1.5039, 
1.49021, 1.47395, 1.4559, 1.43753, 1.42181, 1.40913, 1.40225, 1.4019, 1.40677, 1.41691, 1.43061, 1.44758, 1.46366, 1.47845, 1.49044, 1.49994, 
1.5046, 1.50558, 1.50326, 1.49552, 1.48542, 1.47272, 1.45698, 1.44033, 1.42287, 1.40806, 1.39623, 1.38777, 1.38528, 1.38801, 1.39664, 1.41106, 
1.42719, 1.44533, 1.46304, 1.48011, 1.49316, 1.50576, 1.51211, 1.515, 1.51476, 1.50897, 1.50165, 1.48936, 1.47524, 1.46031, 1.44512, 1.43202, 
1.4229, 1.42035, 1.42255, 1.43108, 1.44418, 1.46025, 1.47801, 1.49442, 1.50918, 1.52185, 1.53165, 1.53691, 1.53905, 1.53592, 1.53036, 1.52223, 
1.51064, 1.49704, 1.48231, 1.4659, 1.45364, 1.44291, 1.43594, 1.43362, 1.43658, 1.44431, 1.4552, 1.46903, 1.48354, 1.49852, 1.51276, 1.52489, 
1.53356, 1.53844, 1.54056, 1.53705, 1.53139, 1.52035, 1.50757, 1.49179, 1.47328, 1.45757, 1.44327, 1.43219, 1.42701, 1.42694, 1.43304, 1.44378, 
1.45773, 1.47345, 1.48864, 1.50299, 1.51521, 1.52483, 1.52944, 1.53125, 1.52894, 1.52406, 1.5152, 1.5024, 1.48804, 1.47197, 1.45681, 1.44227, 
1.43039, 1.42318, 1.4204, 1.42345, 1.43121, 1.44394, 1.45965, 1.47647, 1.49437, 1.50929, 1.52462, 1.53602, 1.54257, 1.54628, 1.54533, 1.54045, 
1.53205, 1.52078, 1.50743, 1.49249, 1.47845, 1.46714, 1.45969, 1.4571, 1.458, 1.4658, 1.47778, 1.49027, 1.50618, 1.52174, 1.53606, 1.54845, 
1.55725, 1.5628, 1.56506, 1.56428, 1.55856, 1.55131, 1.54046, 1.52728, 1.51326, 1.49989, 1.48699, 1.47788, 1.47134, 1.46867, 1.47201, 1.47836, 
1.48887, 1.50031, 1.515, 1.52957, 1.54267, 1.55304, 1.56023, 1.56569, 1.56734, 1.56456, 1.55811, 1.5497, 1.53712, 1.52224, 1.5072, 1.49223, 
1.47924, 1.46873, 1.46396, 1.46335, 1.46756, 1.47702, 1.48896, 1.50207, 1.51499, 1.52859, 1.54047, 1.54836, 1.55251, 1.55412, 1.55222, 1.54809, 
1.53861, 1.52748, 1.51346, 1.4989, 1.48497, 1.47181, 1.46139, 1.4546, 1.4519, 1.45358, 1.46096, 1.47026, 1.48416, 1.49995, 1.51597, 1.53054, 
1.54261, 1.55444, 1.56183, 1.56465, 1.56488, 1.56083, 1.5536, 1.54321, 1.5308, 1.51652, 1.50372, 1.49196, 1.48345, 1.48084, 1.4821, 1.48801, 
1.49756, 1.51072, 1.52603, 1.54132, 1.55447, 1.5658, 1.57386, 1.57883, 1.58134, 1.58, 1.57575, 1.5694, 1.55909, 1.54796, 1.53623, 1.52413, 
1.51289, 1.50524, 1.49974, 1.49676, 1.49913, 1.50315, 1.513, 1.52446, 1.53752, 1.54978, 1.56225, 1.57184, 1.58076, 1.58549, 1.58735, 1.58465, 
1.57909, 1.57039, 1.55954, 1.54589, 1.53142, 1.517, 1.50425, 1.49508, 1.48951, 1.48722, 1.49122, 1.49804, 1.50833, 1.5188, 1.53192, 1.54226, 
1.55231, 1.55871, 1.56258, 1.56331, 1.55988, 1.55507, 1.54686, 1.53665, 1.52482, 1.51264, 1.49995, 1.4881, 1.47804, 1.47046, 1.46629, 1.46599, 
1.47123, 1.4793, 1.49179, 1.50432, 1.51777, 1.53075, 1.54316, 1.55197, 1.55843, 1.56115, 1.55941, 1.5565, 1.54905, 1.53864, 1.52714, 1.51612, 
1.50267, 1.49221, 1.48463, 1.4812, 1.48124, 1.48541, 1.49395, 1.50529, 1.51822, 1.531, 1.54261, 1.55327, 1.5617, 1.56808, 1.57083, 1.56961, 
1.56623, 1.56021, 1.55152, 1.54173, 1.5301, 1.5189, 1.50759, 1.49793, 1.49275, 1.48834, 1.49079, 1.49532, 1.50271, 1.51271, 1.52449, 1.53644, 
1.54729, 1.55731, 1.56507, 1.56884, 1.5703, 1.56877, 1.56406, 1.55593, 1.54653, 1.53434, 1.5214, 1.50878, 1.49586, 1.48571, 1.47949, 1.47658, 
1.4799, 1.48588, 1.49472, 1.5057, 1.51681, 1.5276, 1.53743, 1.54375, 1.54906, 1.55025, 1.54883, 1.54464, 1.53672, 1.52678, 1.51418, 1.50119, 
1.4873, 1.47425, 1.46313, 1.45573, 1.45168, 1.45084, 1.45495, 1.46255, 1.47301, 1.48585, 1.49738, 1.50993, 1.52116, 1.53013, 1.53587, 1.53919, 
1.53846, 1.53677, 1.52892, 1.51961, 1.50752, 1.49422, 1.48148, 1.4694, 1.46028, 1.45452, 1.45279, 1.45585, 1.46404, 1.47394, 1.48637, 1.49958, 
1.51223, 1.52326, 1.5317, 1.53828, 1.54139, 1.54203, 1.53783, 1.53297, 1.52531, 1.51439, 1.50256, 1.49107, 1.48083, 1.46973, 1.46345, 1.45934, 
1.459, 1.46192, 1.47006, 1.48021, 1.49254, 1.50472, 1.51751, 1.52787, 1.53666, 1.54356, 1.54645, 1.54642, 1.54375, 1.5374, 1.52796, 1.51644, 
1.50326, 1.4899, 1.47744, 1.46609, 1.45932, 1.45604, 1.45753, 1.46161, 1.47199, 1.48193, 1.49299, 1.50261, 1.51364, 1.52147, 1.52696, 1.52968, 
1.53059, 1.52794, 1.52319, 1.51483, 1.50572, 1.49239, 1.48031, 1.46922, 1.45867, 1.44954, 1.44371, 1.44255, 1.4449, 1.45091, 1.46053, 1.47223, 
1.48601, 1.49872, 1.50983, 1.52036, 1.52853, 1.53293, 1.53449, 1.53206, 1.52757, 1.51998, 1.51, 1.49922, 1.48608, 1.47481, 1.46565, 1.45902, 
1.45727, 1.45948, 1.46536, 1.47386, 1.48638, 1.49827, 1.51119, 1.52208, 1.53233, 1.53894, 1.54485, 1.54689, 1.54688, 1.54357, 1.53719, 1.5285, 
1.51843, 1.5068, 1.49584, 1.48674, 1.47974, 1.47502, 1.47411, 1.47721, 1.48302, 1.49127, 1.50206, 1.51375, 1.52495, 1.53636, 1.54584, 1.55262, 
1.55818, 1.55862, 1.55708, 1.55165, 1.5448, 1.53472, 1.52358, 1.51204, 1.49936, 1.48927, 1.48106, 1.4783, 1.47739, 1.48081, 1.48649, 1.49644, 
1.50606, 1.51825, 1.52893, 1.53756, 1.54514, 1.54949, 1.55239, 1.55092, 1.54593, 1.53813, 1.52811, 1.51679, 1.5048, 1.49281, 1.48106, 1.47147, 
1.46443, 1.46177, 1.46131, 1.46716, 1.47469, 1.48468, 1.49645, 1.50845, 1.52031, 1.53048, 1.53868, 1.54345, 1.54666, 1.54572, 1.5421, 1.5349, 
1.5259, 1.51526, 1.5034, 1.4911, 1.48082, 1.47446, 1.46925, 1.46957, 1.47325, 1.48132, 1.4908, 1.503, 1.51528, 1.52801, 1.53878, 1.54669, 
1.55309, 1.55608, 1.55709, 1.55256, 1.54834, 1.53965, 1.52922, 1.51932, 1.50896, 1.49849, 1.49054, 1.48481, 1.48365, 1.48499, 1.48829, 1.49511, 
1.50439, 1.51425, 1.52347, 1.53351, 1.5424, 1.54945, 1.55347, 1.55326, 1.55302, 1.54917, 1.54091, 1.53309, 1.52168, 1.51018, 1.49826, 1.48818, 
1.48019, 1.47425, 1.47189, 1.47267, 1.47668, 1.48385, 1.49006, 1.49947, 1.50748, 1.51505, 1.52053, 1.52449, 1.52419, 1.52376, 1.51917, 1.51206, 
1.50344, 1.49413, 1.48276, 1.47123, 1.46113, 1.451, 1.44438, 1.44053, 1.43867, 1.44009, 1.44492, 1.4519, 1.46063, 1.47014, 1.48055, 1.48807, 
1.49534, 1.49867, 1.50023, 1.49906, 1.49653, 1.48988, 1.48251, 1.47306, 1.46285, 1.45296, 1.44347, 1.43617, 1.43072, 1.43, 1.43188, 1.43581, 
1.44396, 1.45258, 1.4627, 1.47258, 1.4814, 1.4898, 1.49529, 1.49749, 1.49835, 1.49614, 1.49073, 1.48392, 1.47521, 1.46653, 1.45626, 1.44673, 
1.43911, 1.43186, 1.42875, 1.42751, 1.43101, 1.43666, 1.44564, 1.45454, 1.4649, 1.47444, 1.48222, 1.48748, 1.49228, 1.49385, 1.49206, 1.48854, 
1.48202, 1.47314, 1.46443, 1.45301, 1.44215, 1.43165, 1.42281, 1.41764, 1.41531, 1.41536, 1.41955, 1.42564, 1.43343, 1.44221, 1.45148, 1.46005, 
1.46579, 1.47028, 1.47143, 1.47146, 1.46698, 1.46004, 1.45164, 1.44097, 1.42832, 1.4159, 1.40448, 1.39347, 1.38548, 1.38095, 1.37998, 1.3817, 
1.38752, 1.3951, 1.40386, 1.41453, 1.42423, 1.43321, 1.43969, 1.44379, 1.44591, 1.4442, 1.44014, 1.43327, 1.42518, 1.41486, 1.40502, 1.39406, 
1.38412, 1.37727, 1.37194, 1.3707, 1.3729, 1.3779, 1.3862, 1.39579, 1.40726, 1.41823, 1.42786, 1.43585, 1.44235, 1.44487, 1.44566, 1.44356, 
1.43772, 1.43223, 1.42357, 1.41478, 1.40513, 1.3958, 1.38847, 1.38282, 1.38029, 1.38016, 1.38307, 1.39023, 1.39784, 1.40802, 1.41743, 1.42708, 
1.43622, 1.44281, 1.44714, 1.44938, 1.44873, 1.44593, 1.44074, 1.4336, 1.42452, 1.41429, 1.4059, 1.39618, 1.3905, 1.38587, 1.38428, 1.38549, 
1.39126, 1.39766, 1.40688, 1.41679, 1.4258, 1.43402, 1.43976, 1.44548, 1.44768, 1.44794, 1.44469, 1.44046, 1.43235, 1.42359, 1.41384, 1.40247, 
1.39241, 1.38432, 1.37819, 1.3745, 1.37515, 1.37859, 1.38408, 1.39457, 1.4023, 1.41486, 1.42449, 1.434, 1.44061, 1.44546, 1.44677, 1.44608, 
1.44246, 1.43618, 1.42798, 1.41806, 1.40763, 1.39756, 1.38849, 1.38216, 1.37917, 1.37844, 1.38202, 1.39022, 1.3984, 1.40935, 1.42174, 1.43279, 
1.44251, 1.45191, 1.45742, 1.46138, 1.46183, 1.45962, 1.45487, 1.44677, 1.43769, 1.42712, 1.4159, 1.40523, 1.39738, 1.39233, 1.39084, 1.39317, 
1.39991, 1.40906, 1.41982, 1.43247, 1.44567, 1.45733, 1.46644, 1.4733, 1.47818, 1.47968, 1.47886, 1.4744, 1.46724, 1.45732, 1.44722, 1.43604, 
1.42452, 1.41504, 1.40887, 1.40597, 1.40551, 1.40954, 1.41737, 1.42666, 1.43922, 1.45169, 1.46247, 1.4738, 1.4821, 1.48792, 1.48973, 1.48947, 
1.48689, 1.4792, 1.4697, 1.45974, 1.44705, 1.4344, 1.42338, 1.41442, 1.4096, 1.40839, 1.41167, 1.41806, 1.42824, 1.43992, 1.45365, 1.46606, 
1.47776, 1.48743, 1.49452, 1.49976, 1.4997, 1.49786, 1.49187, 1.4848, 1.4751, 1.46468, 1.45369, 1.44402, 1.43569, 1.4302, 1.42853, 1.43064, 
1.43669, 1.44614, 1.45599, 1.46956, 1.48182, 1.49405, 1.50368, 1.51095, 1.51717, 1.51992, 1.5186, 1.51437, 1.50888, 1.50013, 1.49002, 1.47793, 
1.46753, 1.45743, 1.44971, 1.44663, 1.4469, 1.45103, 1.45999, 1.47135, 1.48302, 1.49645, 1.50734, 1.51709, 1.5256, 1.52982, 1.53247, 1.53193, 
1.52799, 1.52159, 1.51378, 1.50159, 1.49079, 1.48066, 1.47061, 1.46243, 1.45697, 1.45601, 1.45805, 1.46397, 1.47364, 1.48453, 1.49633, 1.50866, 
1.519, 1.52839, 1.53513, 1.53909, 1.53979, 1.53696, 1.53228, 1.52423, 1.51337, 1.50216, 1.48919, 1.47691, 1.46804, 1.46127, 1.45816, 1.46008, 
1.46518, 1.47389, 1.4858, 1.49866, 1.51258, 1.52461, 1.53494, 1.54379, 1.54979, 1.55166, 1.55, 1.54736, 1.54098, 1.53136, 1.52052, 1.5095, 
1.49754, 1.48765, 1.48078, 1.47769, 1.47815, 1.48394, 1.49236, 1.50346, 1.51562, 1.52838, 1.54052, 1.55135, 1.56039, 1.56613, 1.56803, 1.56841, 
1.56583, 1.56084, 1.55239, 1.54202, 1.53131, 1.52028, 1.50993, 1.50195, 1.49675, 1.4956, 1.49787, 1.50304, 1.51291, 1.52316, 1.535, 1.54583, 
1.55616, 1.56497, 1.57092, 1.57499, 1.57598, 1.5732, 1.56772, 1.5594, 1.54939, 1.53691, 1.52544, 1.5138, 1.50476, 1.49819, 1.49379, 1.49435, 
1.49769, 1.50433, 1.51378, 1.5242, 1.53345, 1.54278, 1.55117, 1.55786, 1.56195, 1.56254, 1.5615, 1.55706, 1.54977, 1.5415, 1.53045, 1.51913, 
1.5069, 1.49692, 1.48864, 1.48315, 1.48186, 1.48382, 1.48884, 1.49688, 1.50774, 1.51913, 1.53073, 1.54131, 1.55001, 1.55656, 1.55969, 1.55908, 
1.55634, 1.54954, 1.54158, 1.53163, 1.52016, 1.50905, 1.4985, 1.49032, 1.48419, 1.4822, 1.48255, 1.48814, 1.4953, 1.50515, 1.51591, 1.52745, 
1.53762, 1.54655, 1.55321, 1.5572, 1.55887, 1.55785, 1.5535, 1.54651, 1.53763, 1.5261, 1.51462, 1.50316, 1.49261, 1.48557, 1.4805, 1.48007, 
1.48214, 1.48914, 1.49833, 1.50895, 1.52105, 1.53198, 1.54189, 1.54837, 1.55399, 1.55551, 1.55458, 1.5498, 1.54217, 1.53265, 1.5209, 1.50816, 
1.49519, 1.48394, 1.47325, 1.46639, 1.46304, 1.46281, 1.46807, 1.47575, 1.48464, 1.49692, 1.50719, 1.51812, 1.5266, 1.53277, 1.53651, 1.53649, 
1.5343, 1.52717, 1.51808, 1.50664, 1.49337, 1.47922, 1.46394, 1.45267, 1.44386, 1.43693, 1.43576, 1.43888, 1.44522, 1.45585, 1.46745, 1.48019, 
1.49316, 1.50329, 1.51294, 1.51935, 1.5213, 1.51971, 1.51513, 1.50751, 1.49746, 1.484, 1.47043, 1.4571, 1.44348, 1.43199, 1.42494, 1.42156, 
1.42364, 1.42903, 1.43866, 1.45143, 1.4644, 1.47846, 1.49025, 1.50028, 1.50903, 1.51293, 1.51472, 1.51285, 1.50707, 1.49919, 1.48818, 1.47713, 
1.46405, 1.45087, 1.43959, 1.43161, 1.42602, 1.42512, 1.42882, 1.43531, 1.44663, 1.4591, 1.47148, 1.48528, 1.49685, 1.50593, 1.51237, 1.51431, 
1.51456, 1.51131, 1.50373, 1.49403, 1.48206, 1.46818, 1.45395, 1.44086, 1.43101, 1.42309, 1.41842, 1.42003, 1.42589, 1.43422, 1.44575, 1.45873, 
1.47148, 1.48186, 1.49247, 1.49955, 1.50352, 1.50504, 1.50293, 1.49697, 1.48966, 1.47837, 1.46588, 1.45179, 1.43754, 1.42521, 1.4155, 1.41006, 
1.40812, 1.41174, 1.41959, 1.42966, 1.44274, 1.45691, 1.4712, 1.48165, 1.4927, 1.49884, 1.50218, 1.50183, 1.49828, 1.49045, 1.48135, 1.46828, 
1.45531, 1.44097, 1.42781, 1.41679, 1.41051, 1.40669, 1.40937, 1.41491, 1.4252, 1.43703, 1.45216, 1.46611, 1.47852, 1.48974, 1.49845, 1.5042, 
1.5074, 1.50566, 1.50031, 1.49339, 1.4829, 1.47084, 1.45798, 1.44413, 1.43251, 1.42261, 1.41722, 1.41645, 1.41959, 1.42755, 1.43777, 1.45103, 
1.46548, 1.47955, 1.49149, 1.50171, 1.50962, 1.51488, 1.51454, 1.51187, 1.50578, 1.49715, 1.48426, 1.47071, 1.45566, 1.44149, 1.42962, 1.42249, 
1.41718, 1.41815, 1.42259, 1.43241, 1.44584, 1.46065, 1.47455, 1.48745, 1.49934, 1.5083, 1.51531, 1.51757, 1.51562, 1.51159, 1.50346, 1.49288, 
1.47935, 1.46589, 1.45235, 1.44009, 1.42979, 1.42374, 1.42273, 1.42362, 1.43082, 1.44078, 1.45396, 1.46796, 1.4816, 1.49467, 1.50539, 1.51261, 
1.51843, 1.51825, 1.51594, 1.51021, 1.50094, 1.48874, 1.47578, 1.46209, 1.44845, 1.43672, 1.42972, 1.42348, 1.42358, 1.42902, 1.43719, 1.44837, 
1.46229, 1.47597, 1.48876, 1.49929, 1.50895, 1.51472, 1.517, 1.51561, 1.51184, 1.5045, 1.49445, 1.48302, 1.46934, 1.45667, 1.44325, 1.43434, 
1.42676, 1.42399, 1.42527, 1.43045, 1.43815, 1.45025, 1.46245, 1.47615, 1.48829, 1.49833, 1.50441, 1.50928, 1.51056, 1.50757, 1.50133, 1.49292, 
1.48204, 1.469, 1.45461, 1.43968, 1.42789, 1.41784, 1.41084, 1.40878, 1.41198, 1.41767, 1.42859, 1.44105, 1.45516, 1.46799, 1.48069, 1.49022, 
1.49652, 1.49925, 1.49906, 1.49606, 1.48912, 1.47742, 1.46566, 1.45267, 1.43725, 1.42318, 1.41168, 1.40313, 1.39844, 1.39793, 1.40225, 1.41189, 
1.42312, 1.43464, 1.44914, 1.46131, 1.47299, 1.48051, 1.48726, 1.48868, 1.48745, 1.48168, 1.47548, 1.46306, 1.45088, 1.43696, 1.42126, 1.40788, 
1.39658, 1.38908, 1.38585, 1.38779, 1.39441, 1.40475, 1.41811, 1.43309, 1.44608, 1.45877, 1.46943, 1.47508, 1.47998, 1.47967, 1.47605, 1.46998, 
1.45929, 1.44762, 1.43401, 1.41935, 1.40483, 1.39177, 1.38234, 1.37744, 1.37519, 1.37714, 1.384, 1.39395, 1.40553, 1.41642, 1.43013, 1.44009, 
1.4491, 1.45494, 1.4574, 1.45675, 1.45185, 1.44446, 1.43288, 1.41973, 1.40405, 1.3886, 1.37396, 1.36094, 1.35133, 1.34581, 1.34548, 1.34983, 
1.35929, 1.37026, 1.38339, 1.39638, 1.40916, 1.41894, 1.42782, 1.43257, 1.43488, 1.4322, 1.42687, 1.41847, 1.40827, 1.39423, 1.37934, 1.3659, 
1.35266, 1.34055, 1.33322, 1.33098, 1.33211, 1.33914, 1.34906, 1.36234, 1.37691, 1.39106, 1.40529, 1.41565, 1.42518, 1.42995, 1.4314, 1.42937, 
1.42451, 1.41479, 1.40181, 1.38885, 1.37464, 1.35978, 1.34758, 1.33913, 1.33445, 1.33489, 1.34015, 1.34862, 1.36008, 1.37602, 1.3908, 1.40566, 
1.41732, 1.42833, 1.43571, 1.43931, 1.43907, 1.43537, 1.42909, 1.41864, 1.40595, 1.39187, 1.37744, 1.36337, 1.35289, 1.3462, 1.34361, 1.34555, 
1.35185, 1.3616, 1.37534, 1.38816, 1.40205, 1.41502, 1.42581, 1.43402, 1.43809, 1.43786, 1.43649, 1.42928, 1.41854, 1.40801, 1.39243, 1.37811, 
1.36346, 1.34975, 1.33989, 1.33346, 1.3309, 1.33441, 1.34082, 1.3506, 1.36312, 1.37603, 1.39093, 1.40169, 1.41186, 1.41889, 1.42271, 1.42298, 
1.41919, 1.41211, 1.40137, 1.38815, 1.37397, 1.3581, 1.34343, 1.33298, 1.32472, 1.32152, 1.32142, 1.32657, 1.3361, 1.34671, 1.35982, 1.37418, 
1.38741, 1.39931, 1.40885, 1.41554, 1.4187, 1.41885, 1.41514, 1.40834, 1.39809, 1.38705, 1.37528, 1.36265, 1.35107, 1.3427, 1.33742, 1.33563, 
1.33901, 1.34756, 1.3588, 1.37142, 1.38534, 1.40073, 1.41331, 1.42464, 1.43322, 1.43849, 1.44082, 1.43778, 1.43316, 1.42635, 1.4155, 1.40486, 
1.3941, 1.38316, 1.37538, 1.36841, 1.36594, 1.36677, 1.37104, 1.379, 1.38889, 1.39978, 1.4137, 1.42526, 1.43514, 1.4436, 1.44883, 1.4511, 
1.45048, 1.44595, 1.43807, 1.42808, 1.41726, 1.40434, 1.39215, 1.38117, 1.37267, 1.36724, 1.36462, 1.36596, 1.37178, 1.38037, 1.39216, 1.4032, 
1.41403, 1.4254, 1.43271, 1.43832, 1.4416, 1.44201, 1.43786, 1.43159, 1.42288, 1.41161, 1.40001, 1.38779, 1.37657, 1.36552, 1.35914, 1.35433, 
1.35607, 1.35977, 1.36903, 1.37979, 1.39121, 1.40575, 1.41786, 1.42885, 1.43848, 1.44368, 1.44615, 1.44502, 1.44036, 1.43326, 1.42416, 1.41226, 
1.4014, 1.38998, 1.38046, 1.37361, 1.36996, 1.37069, 1.37397, 1.3819, 1.39281, 1.40565, 1.41882, 1.43222, 1.44405, 1.45376, 1.46094, 1.46431, 
1.46578, 1.46375, 1.45915, 1.45101, 1.44194, 1.43218, 1.42141, 1.41191, 1.40434, 1.39997, 1.39809, 1.40119, 1.40665, 1.41596, 1.42651, 1.43944, 
1.45102, 1.46124, 1.47043, 1.47642, 1.47961, 1.48082, 1.47899, 1.47415, 1.46754, 1.45906, 1.4487, 1.43994, 1.42862, 1.42043, 1.41323, 1.40867, 
1.40714, 1.41025, 1.41416, 1.42205, 1.43159, 1.44095, 1.44968, 1.45879, 1.46582, 1.46998, 1.47161, 1.47027, 1.46693, 1.46099, 1.45295, 1.44367, 
1.43223, 1.42102, 1.41138, 1.40339, 1.39704, 1.39563, 1.39635, 1.40152, 1.4087, 1.41801, 1.42761, 1.43831, 1.44729, 1.45467, 1.45944, 1.46283, 
1.46338, 1.46174, 1.4573, 1.45155, 1.44378, 1.43531, 1.42579, 1.41684, 1.40833, 1.40271, 1.4008, 1.4016, 1.40504, 1.41191, 1.42024, 1.43111, 
1.4417, 1.45284, 1.46165, 1.46938, 1.47442, 1.47673, 1.4769, 1.47492, 1.46998, 1.46294, 1.45391, 1.4464, 1.43713, 1.42926, 1.42395, 1.42037, 
1.41994, 1.42281, 1.42817, 1.43634, 1.44547, 1.455, 1.4657, 1.47486, 1.48063, 1.48707, 1.48838, 1.48916, 1.48782, 1.48285, 1.47611, 1.46789, 
1.45771, 1.44776, 1.43822, 1.42925, 1.42352, 1.42003, 1.42102, 1.42435, 1.43021, 1.43922, 1.44716, 1.45653, 1.46576, 1.47338, 1.47929, 1.48162, 
1.48359, 1.48071, 1.47712, 1.47067, 1.46161, 1.45135, 1.44043, 1.42974, 1.41997, 1.41305, 1.40849, 1.40561, 1.40856, 1.41301, 1.42156, 1.4317, 
1.44157, 1.4523, 1.46161, 1.46992, 1.47573, 1.47853, 1.47859, 1.47616, 1.47144, 1.46371, 1.45498, 1.44522, 1.43509, 1.42604, 1.41767, 1.41344, 
1.4122, 1.41308, 1.41831, 1.42591, 1.43517, 1.44492, 1.45596, 1.46435, 1.47371, 1.4801, 1.48463, 1.48668, 1.48668, 1.48336, 1.47918, 1.4718, 
1.46459, 1.45564, 1.44702, 1.43895, 1.43335, 1.4301, 1.42889, 1.4315, 1.43661, 1.44504, 1.45252, 1.46276, 1.47114, 1.47938, 1.48533, 1.49022, 
1.49213, 1.49184, 1.48946, 1.48377, 1.47657, 1.46744, 1.45719, 1.44733, 1.43689, 1.43048, 1.42421, 1.42053, 1.42009, 1.42147, 1.42725, 1.4331, 
1.43979, 1.44814, 1.45567, 1.46109, 1.46741, 1.46876, 1.46946, 1.46731, 1.46213, 1.45503, 1.44639, 1.43529, 1.4242, 1.4128, 1.40291, 1.39565, 
1.39143, 1.38934, 1.39136, 1.39609, 1.40359, 1.41243, 1.42046, 1.43093, 1.43965, 1.44697, 1.45064, 1.45419, 1.45495, 1.45172, 1.44597, 1.43783, 
1.42861, 1.41854, 1.40817, 1.39861, 1.3912, 1.38598, 1.38416, 1.38713, 1.39106, 1.39938, 1.40954, 1.42084, 1.4335, 1.44318, 1.45252, 1.45949, 
1.46419, 1.46618, 1.46458, 1.46129, 1.4547, 1.44606, 1.43568, 1.42648, 1.41697, 1.40952, 1.4041, 1.40108, 1.40284, 1.40598, 1.41263, 1.42122, 
1.43084, 1.44123, 1.45035, 1.4597, 1.46598, 1.46968, 1.47217, 1.47111, 1.46593, 1.46087, 1.45139, 1.44051, 1.43079, 1.41965, 1.412, 1.40335, 
1.39886, 1.39656, 1.39803, 1.4022, 1.40849, 1.41638, 1.42527, 1.43465, 1.44132, 1.44922, 1.45296, 1.45462, 1.45465, 1.45145, 1.4455, 1.43772, 
1.43052, 1.42029, 1.41146, 1.40183, 1.39534, 1.38939, 1.38742, 1.38646, 1.38832, 1.39308, 1.39976, 1.40805, 1.41697, 1.42603, 1.43294, 1.43993, 
1.44387, 1.44669, 1.44603, 1.44327, 1.43912, 1.43344, 1.42505, 1.41907, 1.41094, 1.40455, 1.40046, 1.39801, 1.39888, 1.40088, 1.4054, 1.41203, 
1.42026, 1.42902, 1.43725, 1.44613, 1.45316, 1.45761, 1.46064, 1.46196, 1.46246, 1.4596, 1.45623, 1.45138, 1.4449, 1.43844, 1.43296, 1.4289, 
1.42499, 1.42383, 1.42604, 1.42877, 1.43354, 1.4399, 1.44732, 1.4552, 1.46192, 1.46775, 1.47261, 1.47569, 1.47657, 1.47678, 1.47332, 1.46865, 
1.46283, 1.45616, 1.44847, 1.44166, 1.43581, 1.43017, 1.42742, 1.4258, 1.42563, 1.42816, 1.43262, 1.43813, 1.44328, 1.44881, 1.45434, 1.45892, 
1.46164, 1.46123, 1.46132, 1.45838, 1.45345, 1.44739, 1.43908, 1.43149, 1.4232, 1.41584, 1.40888, 1.40456, 1.40195, 1.40129, 1.40349, 1.40769, 
1.41273, 1.41967, 1.42653, 1.43379, 1.43847, 1.44224, 1.44501, 1.44532, 1.44403, 1.43993, 1.43551, 1.42897, 1.4221, 1.41438, 1.40739, 1.39948, 
1.39447, 1.39312, 1.39362, 1.39634, 1.39984, 1.4072, 1.41513, 1.42306, 1.43017, 1.43696, 1.43881, 1.42035, 1.44806, 1.45226, 1.45047, 1.44556, 
1.44023, 1.43329, 1.4263, 1.41914, 1.41254, 1.40735, 1.40397, 1.40183, 1.40215, 1.40479, 1.40974, 1.41463, 1.42149, 1.42607, 1.43161, 1.43697, 
1.44118, 1.4421, 1.44361, 1.44097, 1.43836, 1.43345, 1.42851, 1.421, 1.41356, 1.40628, 1.39907, 1.39216, 1.38841, 1.38584, 1.38491, 1.38648, 
1.38867, 1.39198, 1.39594, 1.39953, 1.40392, 1.4064, 1.4075, 1.40736, 1.40494, 1.40281, 1.39796, 1.39302, 1.38552, 1.37842, 1.37136, 1.36294, 
1.35667, 1.35061, 1.34506, 1.34258, 1.3405, 1.3432, 1.34515, 1.34764, 1.35239, 1.35603, 1.35975, 1.36303, 1.36499, 1.36643, 1.36575, 1.36379, 
1.361, 1.35559, 1.34935, 1.34264, 1.33489, 1.32829, 1.32317, 1.31961, 1.31662, 1.31587, 1.31866, 1.32147, 1.32558, 1.32993, 1.33629, 1.3408, 
1.34606, 1.34899, 1.35208, 1.35336, 1.35148, 1.34991, 1.3468, 1.34141, 1.33473, 1.32881, 1.32226, 1.31689, 1.3116, 1.30849, 1.30792, 1.3064, 
1.307, 1.31014, 1.3128, 1.31711, 1.32016, 1.3222, 1.3249, 1.3249, 1.32458, 1.32101, 1.31389, 1.30652, 1.29565, 1.2811, 1.26295, 1.23782, 
1.20148, 1.13897, 0.975473, 0.170179, 1.51368, 1.42978, 1.38818, 1.36545, 1.35312, 1.34721, 1.34359, 1.34192, 1.34079, 1.33888, 1.33749, 1.33255, 
1.3273, 1.31999, 1.31159, 1.30249, 1.29055, 1.28043, 1.27115, 1.26154, 1.25439, 1.24985, 1.24661, 1.24496, 1.24823, 1.25071, 1.25638, 1.25961, 
1.26503, 1.27001, 1.27471, 1.27671, 1.27819, 1.27671, 1.27522, 1.27112, 1.26441, 1.25765, 1.25056, 1.24246, 1.23661, 1.22966, 1.2258, 1.22389, 
1.22422, 1.2276, 1.23262, 1.24036, 1.2472, 1.25683, 1.26534, 1.27323, 1.27972, 1.28396, 1.28615, 1.28799, 1.28588, 1.2816, 1.27681, 1.27258, 
1.26611, 1.26099, 1.25667, 1.25352, 1.25242, 1.25305, 1.256, 1.25848, 1.26414, 1.27014, 1.27611, 1.28258, 1.2884, 1.29242, 1.29714, 1.30012, 
1.30098, 1.29953, 1.29744, 1.29518, 1.28945, 1.28417, 1.27697, 1.27097, 1.26684, 1.26263, 1.26022, 1.25814, 1.25832, 1.26108, 1.2632, 1.26719, 
1.27098, 1.27521, 1.2797, 1.28176, 1.28458, 1.28419, 1.28261, 1.27987, 1.27454, 1.26952, 1.26228, 1.25561, 1.24916, 1.24279, 1.23743, 1.23321, 
1.2304, 1.22849, 1.22792, 1.22985, 1.23375, 1.23765, 1.24193, 1.24705, 1.25132, 1.255, 1.25698, 1.25772, 1.25714, 1.25413, 1.25118, 1.24841, 
1.24305, 1.2381, 1.23415, 1.22934, 1.22626, 1.22409, 1.22341, 1.22514, 1.22727, 1.2318, 1.23701, 1.24464, 1.25177, 1.25932, 1.26522, 1.27165, 
1.27433, 1.27834, 1.2789, 1.27801, 1.27761, 1.27514, 1.27046, 1.26683, 1.26371, 1.26032, 1.25772, 1.25863, 1.25992, 1.26331, 1.26845, 1.27686, 
1.28352, 1.2929, 1.30099, 1.30792, 1.31301, 1.31802, 1.3209, 1.32097, 1.32043, 1.31868, 1.3133, 1.30989, 1.30652, 1.30051, 1.29576, 1.2915, 
1.28919, 1.28781, 1.2885, 1.28985, 1.2934, 1.29797, 1.30251, 1.30867, 1.31402, 1.31862, 1.32113, 1.32296, 1.32238, 1.31861, 1.31501, 1.30843, 
1.30136, 1.29342, 1.28489, 1.27697, 1.26947, 1.26437, 1.26083, 1.2586, 1.25987, 1.26164, 1.26525, 1.26852, 1.27253, 1.27723, 1.28087, 1.28326, 
1.28552, 1.2855, 1.28308, 1.28056, 1.27697, 1.27377, 1.26843, 1.26206, 1.25656, 1.25192, 1.24717, 1.24413, 1.24287, 1.24264, 1.24354, 1.24802, 
1.25183, 1.25746, 1.26551, 1.27031, 1.27543, 1.28076, 1.28494, 1.28788, 1.28922, 1.28875, 1.28835, 1.28601, 1.28355, 1.2804, 1.27868, 1.2759, 
1.27472, 1.27553, 1.27698, 1.27935, 1.28226, 1.288, 1.29376, 1.29925, 1.30524, 1.3111, 1.31652, 1.32077, 1.32439, 1.32718, 1.32843, 1.32916, 
1.32969, 1.32692, 1.32544, 1.32297, 1.32054, 1.31768, 1.3158, 1.31579, 1.31644, 1.3181, 1.32028, 1.32458, 1.32749, 1.332, 1.33522, 1.33811, 
1.34111, 1.34285, 1.34311, 1.34264, 1.34155, 1.33789, 1.33472, 1.32856, 1.32525, 1.31991, 1.31568, 1.31109, 1.3075, 1.306, 1.30531, 1.30424, 
1.30637, 1.30764, 1.3097, 1.31163, 1.31538, 1.31811, 1.3172, 1.31839, 1.31801, 1.31585, 1.31307, 1.30935, 1.30546, 1.3006, 1.29451, 1.28902, 
1.28505, 1.28237, 1.28018, 1.27959, 1.28036, 1.28255, 1.28446, 1.28796, 1.29197, 1.29678, 1.30075, 1.30487, 1.30773, 1.3093, 1.31016, 1.30963, 
1.30892, 1.30464, 1.30174, 1.29716, 1.29286, 1.28887, 1.28596, 1.28538, 1.28586, 1.28677, 1.29106, 1.29674, 1.30169, 1.30918, 1.31535, 1.32113, 
1.32682, 1.3314, 1.33496, 1.33646, 1.33595, 1.33538, 1.33243, 1.33065, 1.32656, 1.32386, 1.32014, 1.31792, 1.31587, 1.31509, 1.31505, 1.31641, 
1.31901, 1.32177, 1.32585, 1.32975, 1.33456, 1.33889, 1.34062, 1.34346, 1.34631, 1.34506, 1.34393, 1.3412, 1.33817, 1.33498, 1.33, 1.32564, 
1.32288, 1.31807, 1.31654, 1.31515, 1.31534, 1.31599, 1.31783, 1.31875, 1.32281, 1.3249, 1.32845, 1.32923, 1.33119, 1.33252, 1.33149, 1.33159, 
1.32947, 1.32758, 1.3247, 1.32174, 1.31833, 1.31615, 1.31349, 1.31171, 1.31094, 1.30995, 1.31025, 1.31198, 1.31309, 1.31517, 1.31763, 1.32073, 
1.32383, 1.32583, 1.32863, 1.33054, 1.33, 1.32334, 1.33352, 1.33188, 1.32973, 1.32703, 1.32627, 1.32398, 1.32289, 1.32305, 1.32357, 1.3245, 
1.32663, 1.32979, 1.33253, 1.33606, 1.33925, 1.34293, 1.34484, 1.34913, 1.35052, 1.35215, 1.35386, 1.3541, 1.35352, 1.35189, 1.35024, 1.34948, 
1.34848, 1.348, 1.34749, 1.34849, 1.34904, 1.35034, 1.35258, 1.3554, 1.35782, 1.36079, 1.36414, 1.36561, 1.36897, 1.36914, 1.36904, 1.36929, 
1.36804, 1.3658, 1.36408, 1.36034, 1.35627, 1.35417, 1.35056, 1.34736, 1.34643, 1.34515, 1.34496, 1.34609, 1.34735, 1.34828, 1.35189, 1.35458, 
1.35681, 1.35896, 1.36065, 1.36003, 1.35939, 1.35661, 1.3523, 1.34809, 1.34347, 1.33912, 1.33351, 1.33014, 1.32597, 1.32438, 1.32297, 1.32198, 
1.32374, 1.3267, 1.32969, 1.33304, 1.33624, 1.34014, 1.34214, 1.3435, 1.3446, 1.34452, 1.34383, 1.33971, 1.33733, 1.33351, 1.32971, 1.32692, 
1.32424, 1.32214, 1.32057, 1.32078, 1.3217, 1.32374, 1.32715, 1.33067, 1.33645, 1.33971, 1.34281, 1.34632, 1.34846, 1.34971, 1.34911, 1.34861, 
1.34646, 1.3437, 1.34023, 1.33667, 1.3332, 1.33, 1.32693, 1.32442, 1.32071, 1.31591, 1.307, 1.28844, 1.22876, 0.0311615, 1.42685, 1.39718, 
1.38376, 1.37719, 1.37076, 1.36688, 1.36236, 1.35879, 1.35457, 1.35089, 1.34696, 1.3441, 1.34077, 1.33751, 1.33611, 1.33431, 1.33188, 1.3302, 
1.33033, 1.33046, 1.33042, 1.33035, 1.33066, 1.3301, 1.32865, 1.32694, 1.32503, 1.32257, 1.32015, 1.31659, 1.31369, 1.31122, 1.30779, 1.30563, 
1.30339, 1.30246, 1.30222, 1.30302, 1.30229, 1.30252, 1.30279, 1.30279, 1.30541, 1.30585, 1.30716, 1.30745, 1.30757, 1.30735, 1.30801, 1.30681, 
1.30687, 1.30619, 1.30614, 1.30519, 1.30611, 1.30665, 1.30686, 1.30743, 1.30777, 1.30952, 1.31235, 1.31373, 1.31661, 1.32022, 1.32215, 1.32457, 
1.32563, 1.3264, 1.32749, 1.32747, 1.32822, 1.32838, 1.32952, 1.3291, 1.32898, 1.32776, 1.32693, 1.32816, 1.32796, 1.32843, 1.32898, 1.33011, 
1.33099, 1.33214, 1.33218, 1.33368, 1.33501, 1.33563, 1.33533, 1.33574, 1.3347, 1.33221, 1.3318, 1.32842, 1.32533, 1.32198, 1.31981, 1.31496, 
1.31248, 1.30889, 1.3055, 1.3029, 1.30056, 1.29917, 1.29633, 1.2949, 1.29379, 1.29393, 1.29191, 1.29174, 1.28919, 1.28807, 1.28593, 1.28257, 
1.28066, 1.27691, 1.27223, 1.26815, 1.26284, 1.2589, 1.25525, 1.2518, 1.24914, 1.2468, 1.24583, 1.24507, 1.24654, 1.24708, 1.24748, 1.24756, 
1.24945, 1.24962, 1.24958, 1.24892, 1.24807, 1.2473, 1.24662, 1.24473, 1.24442, 1.24317, 1.24332, 1.24328, 1.24223, 1.24287, 1.2434, 1.24427, 
1.24593, 1.24723, 1.249, 1.25223, 1.25381, 1.25522, 1.25766, 1.25978, 1.26142, 1.26178, 1.26319, 1.26399, 1.26325, 1.26424, 1.26577, 1.26583, 
1.26657, 1.26762, 1.2683, 1.2689, 1.27097, 1.27126, 1.27198, 1.27396, 1.27322, 1.2735, 1.27394, 1.27408, 1.27303, 1.27365, 1.27308, 1.2728, 
1.27151, 1.27137, 1.26988, 1.2704, 1.26881, 1.26704, 1.26659, 1.26495, 1.26267, 1.26176, 1.2597, 1.25863, 1.25707, 1.25567, 1.25433, 1.25314, 
1.25161, 1.24919, 1.24773, 1.24505, 1.24339, 1.24228, 1.23934, 1.23789, 1.23675, 1.2341, 1.23217, 1.23101, 1.22928, 1.22913, 1.22656, 1.22521, 
1.22335, 1.22169, 1.2209, 1.21877, 1.21969, 1.21764, 1.21808, 1.21658, 1.21786, 1.21758, 1.21918, 1.21908, 1.2181, 1.21936, 1.22077, 1.22075, 
1.21976, 1.22077, 1.22222, 1.22293, 1.22357, 1.22389, 1.22701, 1.22931, 1.23062, 1.23269, 1.23396, 1.23635, 1.23753, 1.24012, 1.24327, 1.24611, 
1.24809, 1.25044, 1.25322, 1.25544, 1.25747, 1.25915, 1.26007, 1.26044, 1.26163, 1.26233, 1.26455, 1.26523, 1.26638, 1.268, 1.27153, 1.27349, 
1.27647, 1.27809, 1.27999, 1.28322, 1.28702, 1.28761, 1.2892, 1.28905, 1.28844, 1.2873, 1.28448, 1.28229, 1.28089, 1.2788, 1.27638, 1.27438, 
1.274, 1.27159, 1.27098, 1.27046, 1.26963, 1.26873, 1.26852, 1.26859, 1.269, 1.26893, 1.26751, 1.26625, 1.26321, 1.26249, 1.2598, 1.25693, 
1.25308, 1.24989, 1.24532, 1.24276, 1.23906, 1.23656, 1.23575, 1.2333, 1.23379, 1.23369, 1.2333, 1.23331, 1.23529, 1.23602, 1.23766, 1.23742, 
1.23866, 1.23887, 1.23924, 1.23841, 1.23907, 1.23892, 1.23963, 1.23918, 1.2396, 1.24116, 1.24155, 1.24377, 1.24343, 1.24654, 1.24757, 1.2511, 
1.25369, 1.25672, 1.26078, 1.26455, 1.2695, 1.27352, 1.27663, 1.2798, 1.28243, 1.28583, 1.28932, 1.29254, 1.2954, 1.2973, 1.29962, 1.30184, 
1.30519, 1.30758, 1.31079, 1.31413, 1.31656, 1.31938, 1.325, 1.32813, 1.3303, 1.33536, 1.33763, 1.3405, 1.34335, 1.34522, 1.3467, 1.34827, 
1.34856, 1.35045, 1.34976, 1.35011, 1.34861, 1.34789, 1.34874, 1.34913, 1.3488, 1.34783, 1.34835, 1.34917, 1.3495, 1.35129, 1.35206, 1.34987, 
1.3461, 1.35118, 1.35042, 1.34993, 1.34751, 1.34612, 1.34386, 1.34173, 1.33917, 1.33627, 1.33463, 1.33319, 1.32899, 1.32661, 1.32531, 1.32551, 
1.3237, 1.32345, 1.32429, 1.32493, 1.32632, 1.32678, 1.32757, 1.32791, 1.32824, 1.32846, 1.32563, 1.32526, 1.32345, 1.32205, 1.31944, 1.3186, 
1.31644, 1.31632, 1.31626, 1.31668, 1.31858, 1.32132, 1.32425, 1.32698, 1.33055, 1.33442, 1.33807, 1.34169, 1.34402, 1.34505, 1.34754, 1.34886, 
1.34974, 1.34923, 1.3486, 1.34877, 1.34744, 1.34741, 1.34829, 1.34865, 1.34983, 1.35268, 1.35574, 1.3588, 1.36347, 1.36728, 1.37089, 1.37458, 
1.37757, 1.37958, 1.38037, 1.38118, 1.38153, 1.37926, 1.37814, 1.37541, 1.37323, 1.37119, 1.36867, 1.36574, 1.36516, 1.36368, 1.36198, 1.36165, 
1.36133, 1.36085, 1.3602, 1.36109, 1.35987, 1.35795, 1.35778, 1.3552, 1.35325, 1.35056, 1.34682, 1.34343, 1.33892, 1.33356, 1.32903, 1.32352, 
1.31886, 1.31367, 1.30957, 1.30586, 1.30267, 1.29855, 1.29701, 1.29376, 1.29373, 1.28941, 1.28763, 1.28411, 1.28122, 1.27652, 1.27254, 1.26613, 
1.25855, 1.24936, 1.23926, 1.22418, 1.2026, 1.16776, 1.09447, 0.844123, 0.937906, 1.4129, 1.37218, 1.34614, 1.33113, 1.32138, 1.31466, 1.31088, 
1.30789, 1.30638, 1.30514, 1.30387, 1.30291, 1.30079, 1.30001, 1.29908, 1.29659, 1.29601, 1.29499, 1.29328, 1.29263, 1.2927, 1.29273, 1.29429, 
1.29421, 1.2956, 1.29886, 1.30043, 1.30349, 1.30658, 1.30868, 1.31182, 1.31407, 1.31653, 1.31771, 1.31821, 1.31814, 1.31903, 1.31589, 1.31417, 
1.31313, 1.31139, 1.31093, 1.3102, 1.31013, 1.31074, 1.31005, 1.3117, 1.31307, 1.31425, 1.31579, 1.31661, 1.31666, 1.31717, 1.31627, 1.31481, 
1.31238, 1.31022, 1.30686, 1.30338, 1.298, 1.29314, 1.28994, 1.28601, 1.28205, 1.27869, 1.2772, 1.2738, 1.27385, 1.27316, 1.2729, 1.27311, 
1.27343, 1.27288, 1.27262, 1.27241, 1.27027, 1.26706, 1.26513, 1.26024, 1.25656, 1.25082, 1.24695, 1.24137, 1.23747, 1.23428, 1.23279, 1.2306, 
1.22887, 1.23064, 1.23297, 1.23402, 1.23693, 1.23825, 1.2406, 1.24246, 1.24449, 1.24515, 1.24503, 1.2455, 1.2444, 1.24217, 1.24067, 1.2402, 
1.23919, 1.23731, 1.23645, 1.23644, 1.23682, 1.23785, 1.23892, 1.24112, 1.24442, 1.24769, 1.25091, 1.25442, 1.25833, 1.26237, 1.26544, 1.26737, 
1.26946, 1.27033, 1.27094, 1.27042, 1.2704, 1.26965, 1.26866, 1.26761, 1.26698, 1.26629, 1.26675, 1.26603, 1.26767, 1.26876, 1.27007, 1.27206, 
1.27308, 1.27461, 1.27649, 1.27818, 1.27877, 1.27953, 1.27879, 1.27757, 1.27659, 1.27524, 1.27305, 1.26958, 1.26757, 1.26465, 1.26235, 1.26065, 
1.25827, 1.25657, 1.25563, 1.25456, 1.2541, 1.25346, 1.25522, 1.25548, 1.2559, 1.25692, 1.25641, 1.2555, 1.25627, 1.25425, 1.25365, 1.25144, 
1.25057, 1.24743, 1.24715, 1.24371, 1.24221, 1.24065, 1.23936, 1.23936, 1.24038, 1.23948, 1.24218, 1.24454, 1.2462, 1.24888, 1.25193, 1.25423, 
1.25641, 1.25711, 1.25998, 1.26004, 1.2594, 1.26014, 1.25967, 1.25867, 1.25867, 1.25842, 1.25843, 1.25823, 1.26009, 1.25993, 1.26366, 1.26716, 
1.27023, 1.27192, 1.27605, 1.28016, 1.28216, 1.28489, 1.28822, 1.28941, 1.29116, 1.2899, 1.2908, 1.29004, 1.28885, 1.28686, 1.28601, 1.28517, 
1.28354, 1.28391, 1.28266, 1.28342, 1.2846, 1.28692, 1.28894, 1.29042, 1.29203, 1.29318, 1.29382, 1.29343, 1.29208, 1.29089, 1.28906, 1.28522, 
1.28189, 1.27895, 1.27521, 1.26982, 1.26632, 1.26151, 1.25972, 1.25635, 1.25459, 1.2535, 1.25257, 1.25293, 1.2526, 1.25333, 1.25384, 1.25314, 
1.25417, 1.25212, 1.25083, 1.2473, 1.24463, 1.24169, 1.2391, 1.2341, 1.22966, 1.22656, 1.22288, 1.2203, 1.21839, 1.21639, 1.21514, 1.21487, 
1.21545, 1.21579, 1.2173, 1.21898, 1.21913, 1.2212, 1.22252, 1.22253, 1.22316, 1.22338, 1.22262, 1.22022, 1.21894, 1.21739, 1.21573, 1.21225, 
1.21129, 1.20933, 1.20807, 1.20728, 1.20667, 1.20822, 1.20815, 1.20951, 1.21122, 1.21248, 1.21408, 1.21593, 1.21814, 1.21824, 1.21984, 1.21925, 
1.2188, 1.21825, 1.217, 1.21484, 1.21237, 1.21115, 1.20803, 1.20598, 1.20386, 1.20265, 1.20047, 1.20057, 1.19899, 1.1987, 1.19787, 1.1979, 
1.19876, 1.19948, 1.19869, 1.19854, 1.19777, 1.1965, 1.19386, 1.19233, 1.18978, 1.18617, 1.18212, 1.17784, 1.17405, 1.1687, 1.16645, 1.16304, 
1.1597, 1.15693, 1.1551, 1.15417, 1.15366, 1.15413, 1.1545, 1.15398, 1.15394, 1.15434, 1.15362, 1.15379, 1.1517, 1.14917, 1.14731, 1.14412, 
1.14192, 1.13915, 1.13583, 1.13276, 1.13088, 1.12924, 1.12836, 1.12921, 1.12935, 1.13118, 1.13282, 1.13587, 1.13864, 1.14117, 1.1442, 1.14621, 
1.14731, 1.14889, 1.14957, 1.15051, 1.14897, 1.14886, 1.14796, 1.14695, 1.14646, 1.14597, 1.14637, 1.14606, 1.14818, 1.15101, 1.15417, 1.15682, 
1.16029, 1.16407, 1.16674, 1.16963, 1.17234, 1.17471, 1.17428, 1.17554, 1.17511, 1.17293, 1.17259, 1.17048, 1.1681, 1.16613, 1.16335, 1.16236, 
1.16196, 1.16217, 1.16224, 1.1627, 1.16401, 1.16534, 1.16573, 1.16655, 1.16706, 1.16584, 1.1588, 1.16307, 1.16209, 1.15836, 1.15402, 1.1501, 
1.1454, 1.14107, 1.13685, 1.1309, 1.12645, 1.12175, 1.11904, 1.11559, 1.11343, 1.11269, 1.11089, 1.11042, 1.11191, 1.1113, 1.11165, 1.11144, 
1.11103, 1.11031, 1.10915, 1.10653, 1.10318, 1.0997, 1.09545, 1.09137, 1.08801, 1.08423, 1.07945, 1.07832, 1.07611, 1.07459, 1.07524, 1.07602, 
1.07765, 1.08106, 1.08301, 1.08632, 1.0904, 1.09358, 1.0965, 1.0994, 1.10113, 1.1008, 1.10106, 1.10043, 1.09811, 1.09809, 1.09553, 1.09413, 
1.09284, 1.09209, 1.09232, 1.09331, 1.0946, 1.09761, 1.10248, 1.10685, 1.1117, 1.11629, 1.12146, 1.12591, 1.13021, 1.13277, 1.13656, 1.13705, 
1.13646, 1.13583, 1.13502, 1.13077, 1.12838, 1.1263, 1.12209, 1.12157, 1.12083, 1.11875, 1.12004, 1.12136, 1.12212, 1.12614, 1.12764, 1.13045, 
1.13327, 1.13519, 1.13586, 1.1357, 1.13402, 1.13216, 1.12956, 1.12561, 1.12005, 1.11565, 1.11015, 1.10401, 1.09825, 1.09394, 1.09124, 1.08808, 
1.08646, 1.08638, 1.08863, 1.08756, 1.09044, 1.09335, 1.09387, 1.09588, 1.09594, 1.09632, 1.09447, 1.09059, 1.08651, 1.08055, 1.07197, 1.06056, 
1.03867, 0.952075, 0.788867, 1.08118, 1.0818, 1.08012, 1.07958, 1.08119, 1.08565, 1.0903, 1.09392, 1.1003, 1.10692, 1.10983, 1.11375, 1.11571, 
1.11649, 1.11673, 1.1162, 1.11395, 1.11179, 1.1104, 1.10935, 1.10772, 1.1083, 1.10818, 1.11123, 1.11491, 1.12029, 1.12622, 1.13242, 1.13965, 
1.14515, 1.15059, 1.15752, 1.16174, 1.1642, 1.16528, 1.16792, 1.16578, 1.16452, 1.16046, 1.15902, 1.15634, 1.15328, 1.15267, 1.15158, 1.1535, 
1.15418, 1.15582, 1.15874, 1.16329, 1.16913, 1.171, 1.1759, 1.178, 1.17984, 1.18054, 1.1795, 1.17838, 1.17415, 1.17051, 1.16576, 1.15907, 
1.15301, 1.14625, 1.14184, 1.13734, 1.13423, 1.13077, 1.13207, 1.13187, 1.13308, 1.13564, 1.13769, 1.1406, 1.1429, 1.14455, 1.14724, 1.14636, 
1.14636, 1.14347, 1.14044, 1.13575, 1.13013, 1.12307, 1.11661, 1.11127, 1.10638, 1.10272, 1.10051, 1.09951, 1.10088, 1.10326, 1.10765, 1.11309, 
1.11953, 1.12657, 1.13344, 1.13857, 1.14466, 1.14673, 1.15018, 1.15092, 1.14923, 1.14836, 1.14393, 1.14129, 1.13957, 1.13746, 1.13503, 1.13412, 
1.13461, 1.13854, 1.14486, 1.15086, 1.15949, 1.16891, 1.17922, 1.18896, 1.19725, 1.20433, 1.21149, 1.21607, 1.21888, 1.22026, 1.2212, 1.21976, 
1.21722, 1.21495, 1.21395, 1.21253, 1.21117, 1.2124, 1.21492, 1.21873, 1.22286, 1.22929, 1.2367, 1.24386, 1.25117, 1.25633, 1.26184, 1.26494, 
1.26818, 1.26709, 1.26471, 1.26307, 1.25761, 1.2535, 1.24724, 1.2422, 1.23641, 1.23206, 1.22825, 1.22717, 1.22608, 1.22775, 1.22964, 1.23177, 
1.23643, 1.24023, 1.24305, 1.24627, 1.24744, 1.24694, 1.24682, 1.24336, 1.23703, 1.23266, 1.22662, 1.21963, 1.21283, 1.20566, 1.20027, 1.196, 
1.19308, 1.19154, 1.19321, 1.19289, 1.19918, 1.20276, 1.20888, 1.21388, 1.21814, 1.22338, 1.22749, 1.22775, 1.22758, 1.22555, 1.22369, 1.22033, 
1.21594, 1.21137, 1.20611, 1.20248, 1.20008, 1.19935, 1.19828, 1.20142, 1.2056, 1.21102, 1.21792, 1.22699, 1.23454, 1.24254, 1.25093, 1.25678, 
1.26046, 1.26271, 1.26416, 1.26339, 1.26073, 1.25773, 1.25277, 1.24905, 1.24406, 1.24132, 1.23906, 1.2379, 1.23923, 1.24188, 1.24696, 1.25242, 
1.25944, 1.26594, 1.27347, 1.2797, 1.28347, 1.28614, 1.28812, 1.28689, 1.28391, 1.27864, 1.27307, 1.26536, 1.2563, 1.2483, 1.24102, 1.2336, 
1.22926, 1.22446, 1.2235, 1.22343, 1.22574, 1.22814, 1.23181, 1.23667, 1.24016, 1.24265, 1.24375, 1.24482, 1.24142, 1.23817, 1.23254, 1.22504, 
1.21473, 1.20482, 1.19478, 1.183, 1.17442, 1.16749, 1.16146, 1.15866, 1.15778, 1.15968, 1.16212, 1.1681, 1.17377, 1.18048, 1.18588, 1.18971, 
1.19287, 1.19495, 1.19402, 1.19133, 1.18727, 1.18062, 1.17449, 1.16614, 1.15852, 1.15128, 1.14662, 1.14102, 1.13923, 1.14085, 1.14466, 1.14995, 
1.15774, 1.16759, 1.17664, 1.18601, 1.19553, 1.20324, 1.20781, 1.21184, 1.21317, 1.21218, 1.20821, 1.20461, 1.19838, 1.19365, 1.18764, 1.18464, 
1.18136, 1.1793, 1.1825, 1.18506, 1.19206, 1.20076, 1.20928, 1.21866, 1.22816, 1.23647, 1.24392, 1.24956, 1.25194, 1.25336, 1.25133, 1.24845, 
1.24421, 1.23778, 1.23222, 1.22448, 1.21789, 1.21355, 1.21008, 1.20974, 1.20982, 1.21385, 1.21865, 1.22329, 1.23125, 1.23746, 1.24434, 1.25016, 
1.25412, 1.25501, 1.25485, 1.25156, 1.2465, 1.24047, 1.23288, 1.22423, 1.21598, 1.20664, 1.19881, 1.19343, 1.19018, 1.18798, 1.18859, 1.19119, 
1.19443, 1.20196, 1.20594, 1.21359, 1.21953, 1.22426, 1.22676, 1.22712, 1.22646, 1.22386, 1.21722, 1.20809, 1.20055, 1.19099, 1.18317, 1.1742, 
1.16843, 1.16453, 1.16197, 1.16143, 1.16623, 1.1724, 1.18149, 1.18996, 1.19923, 1.20788, 1.21034, 1.18774, 1.21375, 1.22114, 1.22385, 1.22286, 
1.21938, 1.21288, 1.20514, 1.19804, 1.19028, 1.18264, 1.17814, 1.17689, 1.17681, 1.17925, 1.1838, 1.19233, 1.2017, 1.20968, 1.21947, 1.23064, 
1.23702, 1.24383, 1.24858, 1.24998, 1.24909, 1.24546, 1.24076, 1.23339, 1.22665, 1.21886, 1.21146, 1.20417, 1.20031, 1.19841, 1.19982, 1.20277, 
1.20686, 1.21498, 1.22129, 1.22851, 1.23635, 1.2427, 1.24729, 1.25018, 1.25198, 1.24912, 1.24555, 1.23928, 1.23279, 1.22322, 1.21534, 1.20662, 
1.19583, 1.18987, 1.18456, 1.18277, 1.18185, 1.18467, 1.18929, 1.19448, 1.20212, 1.20878, 1.21532, 1.22129, 1.22534, 1.22619, 1.22495, 1.22332, 
1.21855, 1.21163, 1.20338, 1.19454, 1.18628, 1.17794, 1.17054, 1.16492, 1.16177, 1.16239, 1.16554, 1.16967, 1.17722, 1.18424, 1.19111, 1.19949, 
1.20751, 1.2127, 1.21742, 1.21895, 1.21747, 1.2153, 1.2106, 1.20393, 1.19696, 1.19054, 1.18252, 1.1765, 1.17198, 1.16863, 1.16725, 1.16981, 
1.1741, 1.17898, 1.18575, 1.19417, 1.20197, 1.20814, 1.21407, 1.21594, 1.21942, 1.21807, 1.2154, 1.20875, 1.20036, 1.18612, 1.17301, 1.15217, 
1.1226, 1.0639, 0.826054, 0.687456, 1.15811, 1.18437, 1.18935, 1.19279, 1.19743, 1.20215, 1.2088, 1.21181, 1.21597, 1.21942, 1.21883, 1.21711, 
1.2121, 1.20683, 1.19927, 1.18908, 1.17783, 1.16496, 1.15512, 1.14582, 1.13845, 1.13207, 1.12831, 1.12861, 1.13048, 1.13507, 1.14223, 1.14749, 
1.15381, 1.15992, 1.16451, 1.16661, 1.16659, 1.16535, 1.16082, 1.15198, 1.14247, 1.13204, 1.12038, 1.10876, 1.0971, 1.08711, 1.08138, 1.07807, 
1.07718, 1.0796, 1.08501, 1.09103, 1.1002, 1.10777, 1.11683, 1.12243, 1.12746, 1.13073, 1.13189, 1.12794, 1.12313, 1.11676, 1.10611, 1.09634, 
1.08365, 1.07293, 1.06388, 1.05704, 1.05298, 1.05114, 1.05135, 1.05532, 1.06074, 1.0696, 1.07863, 1.08708, 1.09465, 1.09972, 1.10487, 1.10632, 
1.10501, 1.10206, 1.09608, 1.08747, 1.07764, 1.06549, 1.054, 1.0439, 1.0342, 1.02664, 1.02147, 1.01876, 1.02026, 1.02347, 1.0286, 1.03576, 
1.04416, 1.05309, 1.05895, 1.06602, 1.06988, 1.07284, 1.06997, 1.06629, 1.05926, 1.05115, 1.03994, 1.02776, 1.01648, 1.00579, 0.994856, 0.988409, 
0.984959, 0.982265, 0.985618, 0.991346, 0.998449, 1.00667, 1.01811, 1.02868, 1.03877, 1.04739, 1.05377, 1.05707, 1.05862, 1.05509, 1.0492, 1.04283, 
1.03364, 1.02403, 1.01404, 1.00521, 0.997874, 0.993682, 0.993233, 0.996664, 1.00298, 1.01343, 1.02374, 1.03688, 1.04907, 1.06191, 1.0723, 1.08235, 
1.08733, 1.09057, 1.09173, 1.08785, 1.08246, 1.07519, 1.06772, 1.05755, 1.04966, 1.04417, 1.03879, 1.0377, 1.03798, 1.04351, 1.0514, 1.06164, 
1.07357, 1.08393, 1.09566, 1.10557, 1.11518, 1.12001, 1.12221, 1.12209, 1.12014, 1.11476, 1.10655, 1.0964, 1.08791, 1.07717, 1.06775, 1.06033, 
1.05363, 1.05065, 1.05216, 1.05482, 1.06004, 1.06707, 1.07783, 1.08577, 1.09591, 1.10222, 1.10798, 1.11145, 1.11179, 1.10891, 1.10205, 1.09543, 
1.08516, 1.074, 1.05989, 1.04762, 1.03691, 1.02583, 1.01964, 1.01404, 1.01312, 1.01627, 1.02182, 1.03221, 1.04069, 1.05412, 1.06375, 1.07346, 
1.08071, 1.08581, 1.08795, 1.08554, 1.0821, 1.07409, 1.06423, 1.05243, 1.03929, 1.0272, 1.01562, 1.00868, 1.00469, 1.00394, 1.00739, 1.01524, 
1.02657, 1.039, 1.05543, 1.07073, 1.08504, 1.09682, 1.1065, 1.11334, 1.11595, 1.11553, 1.11189, 1.10481, 1.09465, 1.08314, 1.07349, 1.06299, 
1.05721, 1.0525, 1.05319, 1.05668, 1.06459, 1.07507, 1.08825, 1.10201, 1.11741, 1.13045, 1.14268, 1.15396, 1.15815, 1.16199, 1.16049, 1.15661, 
1.14939, 1.13982, 1.12951, 1.1168, 1.10571, 1.09653, 1.08997, 1.08516, 1.08576, 1.08783, 1.09147, 1.10035, 1.11033, 1.12, 1.13139, 1.14081, 
1.14763, 1.15269, 1.15449, 1.15095, 1.14747, 1.14024, 1.13003, 1.11786, 1.10351, 1.09097, 1.0777, 1.06485, 1.0555, 1.0505, 1.04934, 1.05063, 
1.05789, 1.065, 1.07579, 1.08916, 1.09782, 1.10866, 1.11591, 1.12168, 1.12354, 1.12269, 1.11797, 1.11244, 1.10178, 1.0902, 1.07836, 1.06584, 
1.05607, 1.04689, 1.04228, 1.04191, 1.04634, 1.05247, 1.06432, 1.07769, 1.09402, 1.11028, 1.12422, 1.13694, 1.14738, 1.15392, 1.1588, 1.15805, 
1.15607, 1.15139, 1.14236, 1.1339, 1.12481, 1.11703, 1.11131, 1.1075, 1.10722, 1.11101, 1.11939, 1.13187, 1.14621, 1.16148, 1.17649, 1.19189, 
1.20593, 1.21648, 1.22296, 1.22754, 1.22936, 1.22673, 1.21946, 1.21257, 1.20315, 1.19143, 1.18205, 1.17326, 1.1661, 1.16155, 1.162, 1.1655, 
1.17, 1.17955, 1.1884, 1.19901, 1.20872, 1.2168, 1.22377, 1.22713, 1.22814, 1.22569, 1.21933, 1.20923, 1.19909, 1.1837, 1.16812, 1.15375, 
1.13924, 1.12689, 1.11829, 1.11155, 1.10982, 1.1113, 1.11563, 1.12273, 1.13078, 1.14067, 1.14956, 1.15602, 1.16098, 1.16259, 1.16286, 1.15986, 
1.15198, 1.14297, 1.13024, 1.11647, 1.10109, 1.0884, 1.07517, 1.06594, 1.0595, 1.05784, 1.06062, 1.06612, 1.07759, 1.09003, 1.10491, 1.11922, 
1.13258, 1.14629, 1.14976, 1.1237, 1.15099, 1.15577, 1.15214, 1.14598, 1.13737, 1.12737, 1.11651, 1.10546, 1.09841, 1.09256, 1.09061, 1.09446, 
1.10369, 1.11332, 1.12758, 1.14409, 1.16007, 1.17608, 1.19058, 1.20186, 1.20977, 1.2139, 1.21696, 1.21525, 1.21039, 1.20362, 1.19626, 1.1869, 
1.17929, 1.17234, 1.16853, 1.16648, 1.16908, 1.17322, 1.18199, 1.19341, 1.20461, 1.21794, 1.22909, 1.24005, 1.24899, 1.25418, 1.25701, 1.25479, 
1.25152, 1.24494, 1.23747, 1.22637, 1.2141, 1.20334, 1.1925, 1.18365, 1.1786, 1.17626, 1.1757, 1.17827, 1.18496, 1.19257, 1.20157, 1.20975, 
1.218, 1.22537, 1.2287, 1.22964, 1.22897, 1.22625, 1.21818, 1.20988, 1.19921, 1.18612, 1.17222, 1.1588, 1.14878, 1.14055, 1.13446, 1.13297, 
1.13332, 1.13749, 1.1452, 1.15546, 1.16714, 1.17714, 1.18786, 1.19487, 1.20102, 1.20521, 1.20631, 1.20355, 1.1973, 1.19027, 1.18105, 1.17025, 
1.15911, 1.14971, 1.14162, 1.13518, 1.13422, 1.13691, 1.14322, 1.15154, 1.16383, 1.17775, 1.19197, 1.20714, 1.22019, 1.23089, 1.23931, 1.24289, 
1.24466, 1.2418, 1.23795, 1.2305, 1.22167, 1.2118, 1.20425, 1.19794, 1.19483, 1.19015, 1.11111, 0.669365, 1.07539, 1.14035, 1.17098, 1.1937, 
1.21079, 1.22672, 1.23876, 1.24614, 1.25211, 1.25159, 1.24799, 1.24217, 1.23134, 1.22085, 1.20623, 1.19333, 1.18071, 1.16959, 1.16138, 1.15689, 
1.15604, 1.15869, 1.16348, 1.17188, 1.18152, 1.19044, 1.19905, 1.20509, 1.20994, 1.20947, 1.20759, 1.20291, 1.19417, 1.18282, 1.16933, 1.1537, 
1.1381, 1.12226, 1.10939, 1.09876, 1.09104, 1.08845, 1.08996, 1.09377, 1.10287, 1.11185, 1.12123, 1.1318, 1.1409, 1.14838, 1.15345, 1.15467, 
1.15277, 1.14665, 1.1388, 1.12955, 1.11726, 1.10496, 1.09354, 1.08208, 1.07241, 1.06614, 1.06405, 1.06601, 1.0712, 1.0818, 1.09162, 1.10433, 
1.11782, 1.13035, 1.14172, 1.15153, 1.15811, 1.161, 1.16081, 1.15836, 1.15247, 1.14623, 1.13632, 1.127, 1.11897, 1.11174, 1.10672, 1.10592, 
1.1066, 1.1109, 1.11938, 1.13011, 1.14375, 1.15641, 1.1682, 1.18049, 1.1904, 1.19606, 1.20087, 1.20223, 1.20169, 1.19521, 1.189, 1.18033, 
1.17086, 1.15952, 1.15003, 1.14273, 1.13789, 1.13601, 1.13628, 1.14189, 1.14854, 1.15893, 1.16885, 1.18032, 1.18958, 1.19748, 1.20446, 1.20625, 
1.20804, 1.20621, 1.20166, 1.19405, 1.18473, 1.17198, 1.16049, 1.14963, 1.13868, 1.13136, 1.12488, 1.1245, 1.12574, 1.12947, 1.13749, 1.14596, 
1.15666, 1.16581, 1.17555, 1.18153, 1.18598, 1.18947, 1.18795, 1.18362, 1.17769, 1.16871, 1.15603, 1.14572, 1.13397, 1.12215, 1.11306, 1.10743, 
1.10501, 1.10343, 1.10805, 1.11473, 1.12426, 1.13425, 1.14511, 1.15479, 1.16505, 1.17183, 1.1785, 1.17806, 1.17511, 1.17398, 1.16628, 1.15622, 
1.14596, 1.13392, 1.12292, 1.1132, 1.10584, 1.10099, 1.09916, 1.10212, 1.10782, 1.11632, 1.12723, 1.13654, 1.14813, 1.15758, 1.16644, 1.17196, 
1.17359, 1.17304, 1.17116, 1.16349, 1.15609, 1.14537, 1.13388, 1.12206, 1.11159, 1.10188, 1.09473, 1.0906, 1.09012, 1.09185, 1.09829, 1.1068, 
1.11638, 1.12611, 1.13581, 1.14419, 1.15149, 1.1558, 1.15717, 1.15583, 1.15093, 1.14465, 1.13497, 1.12397, 1.11054, 1.10037, 1.08846, 1.08079, 
1.07455, 1.07141, 1.07014, 1.07481, 1.08089, 1.08983, 1.10023, 1.11147, 1.12004, 1.12772, 1.13305, 1.13737, 1.13741, 1.13376, 1.12845, 1.12144, 
1.1098, 1.09802, 1.08752, 1.07598, 1.0654, 1.05899, 1.05419, 1.05404, 1.05611, 1.06186, 1.07104, 1.07981, 1.09088, 1.10183, 1.11131, 1.11848, 
1.12396, 1.12624, 1.12665, 1.12271, 1.1168, 1.1088, 1.09832, 1.08737, 1.07619, 1.06683, 1.05906, 1.05377, 1.04989, 1.05109, 1.05568, 1.06139, 
1.07108, 1.08081, 1.09228, 1.10224, 1.11117, 1.11928, 1.12224, 1.12496, 1.12425, 1.118, 1.11178, 1.10302, 1.09167, 1.07979, 1.06838, 1.05695, 
1.04798, 1.04099, 1.03817, 1.03776, 1.04174, 1.0473, 1.05669, 1.06706, 1.07781, 1.08657, 1.09576, 1.10263, 1.1066, 1.10672, 1.10329, 1.099, 
1.09034, 1.07942, 1.06608, 1.05308, 1.0376, 1.02657, 1.01685, 1.00967, 1.00631, 1.00831, 1.01387, 1.02298, 1.03298, 1.04584, 1.05702, 1.06989, 
1.07913, 1.08599, 1.08975, 1.08918, 1.08672, 1.07961, 1.07083, 1.0567, 1.04355, 1.02863, 1.01583, 1.00326, 0.994398, 0.98984, 0.989206, 0.995087, 
1.0026, 1.01178, 1.02494, 1.03977, 1.0535, 1.0651, 1.07488, 1.08172, 1.085, 1.08429, 1.08051, 1.07043, 1.05944, 1.04695, 1.03306, 1.01956, 
1.00709, 0.995241, 0.987166, 0.985026, 0.986392, 0.990888, 1.00052, 1.01217, 1.02387, 1.0369, 1.04992, 1.05961, 1.06635, 1.07027, 1.07279, 1.06982, 
1.06309, 1.05313, 1.04004, 1.0247, 1.01005, 0.995155, 0.981513, 0.969685, 0.962297, 0.959353, 0.958922, 0.964543, 0.974091, 0.986866, 0.998953, 1.01105, 
1.02176, 1.03264, 1.0389, 1.04129, 1.03757, 1.02577, 0.992256, 1.03482, 1.02021, 1.00169, 0.982508, 0.962833, 0.948983, 0.935871, 0.928502, 0.924989, 
0.926956, 0.934884, 0.944943, 0.959655, 0.976793, 0.994714, 1.01014, 1.02326, 1.03341, 1.03931, 1.0418, 1.04052, 1.03429, 1.02474, 1.01275, 0.997952, 
0.984174, 0.970499, 0.958237, 0.951088, 0.948712, 0.953123, 0.960737, 0.974888, 0.992094, 1.00993, 1.02879, 1.04822, 1.06495, 1.07783, 1.08879, 1.09468, 
1.09652, 1.09336, 1.08716, 1.07533, 1.06501, 1.05056, 1.03773, 1.027, 1.01987, 1.0162, 1.01563, 1.02235, 1.03433, 1.04713, 1.06413, 1.07999, 
1.09819, 1.11162, 1.12594, 1.13522, 1.13906, 1.14043, 1.13801, 1.13016, 1.11954, 1.10495, 1.08936, 1.07514, 1.05841, 1.04588, 1.03762, 1.03266, 
1.03245, 1.03514, 1.04409, 1.0572, 1.0694, 1.08358, 1.09719, 1.10875, 1.1174, 1.12328, 1.12516, 1.12305, 1.11827, 1.1077, 1.09449, 1.07715, 
1.05907, 1.04108, 1.02335, 1.00796, 0.99729, 0.990569, 0.988557, 0.992615, 1.00151, 1.01404, 1.02862, 1.04457, 1.06124, 1.07636, 1.08807, 1.09758, 
1.0997, 1.09795, 1.09211, 1.08315, 1.06857, 1.0511, 1.0291, 1.00648, 0.988258, 0.97024, 0.954992, 0.941814, 0.925492, 0.87133, 0.421094, 0.946284, 
1.05815, 1.08591, 1.10517, 1.12312, 1.1371, 1.14696, 1.15171, 1.14973, 1.14535, 1.13464, 1.11913, 1.10144, 1.08205, 1.0652, 1.04963, 1.03835, 
1.03305, 1.03347, 1.03987, 1.05305, 1.06955, 1.08978, 1.11172, 1.13124, 1.14821, 1.16179, 1.17225, 1.17678, 1.17737, 1.1706, 1.16018, 1.14444, 
1.12638, 1.10685, 1.08809, 1.07051, 1.05677, 1.04669, 1.04186, 1.04211, 1.04856, 1.05958, 1.07447, 1.09189, 1.10822, 1.12429, 1.1372, 1.14585, 
1.14943, 1.14938, 1.14291, 1.134, 1.11669, 1.09885, 1.07773, 1.05625, 1.03205, 1.0125, 0.996256, 0.985287, 0.980883, 0.983173, 0.990651, 1.00389, 
1.0192, 1.03705, 1.05468, 1.07148, 1.08553, 1.09562, 1.09959, 1.10063, 1.09673, 1.08675, 1.07179, 1.05309, 1.03116, 1.00954, 0.988648, 0.969355, 
0.95707, 0.948736, 0.949336, 0.957275, 0.970788, 0.991047, 1.01441, 1.03883, 1.06199, 1.08385, 1.10273, 1.11501, 1.12312, 1.12521, 1.12095, 1.11253, 
1.09931, 1.08153, 1.06252, 1.04403, 1.02731, 1.01436, 1.00798, 1.00728, 1.01295, 1.02703, 1.04689, 1.06979, 1.09535, 1.11965, 1.14225, 1.16127, 
1.17587, 1.18677, 1.19102, 1.18933, 1.18386, 1.17137, 1.15546, 1.1378, 1.11691, 1.09845, 1.08131, 1.06994, 1.06336, 1.06436, 1.06919, 1.07971, 
1.09571, 1.11349, 1.13305, 1.15026, 1.16836, 1.17908, 1.18724, 1.1897, 1.18721, 1.17983, 1.16542, 1.14591, 1.12551, 1.10207, 1.07818, 1.05326, 
1.03339, 1.01709, 1.0093, 1.00616, 1.00858, 1.02014, 1.03528, 1.05375, 1.07352, 1.09146, 1.10799, 1.11885, 1.1269, 1.12865, 1.12646, 1.1176, 
1.10229, 1.08281, 1.05935, 1.03543, 1.00798, 0.984792, 0.962474, 0.947374, 0.941346, 0.943757, 0.953064, 0.970768, 0.99281, 1.01838, 1.04528, 1.07127, 
1.09373, 1.11213, 1.12314, 1.12848, 1.12788, 1.11799, 1.10583, 1.08652, 1.06393, 1.03914, 1.01578, 0.994798, 0.979598, 0.972088, 0.974615, 0.984886, 
1.00319, 1.02995, 1.05875, 1.09041, 1.11921, 1.14596, 1.16729, 1.18075, 1.18802, 1.1908, 1.1858, 1.17399, 1.15766, 1.13596, 1.11423, 1.09121, 
1.07099, 1.05523, 1.04537, 1.04458, 1.05156, 1.06574, 1.08592, 1.10806, 1.13469, 1.15774, 1.1795, 1.19643, 1.20731, 1.21298, 1.21112, 1.20479, 
1.19282, 1.17242, 1.14988, 1.12318, 1.0962, 1.07225, 1.05042, 1.03512, 1.02507, 1.02312, 1.03231, 1.04311, 1.06222, 1.08262, 1.10404, 1.12425, 
1.14131, 1.15154, 1.16038, 1.16275, 1.15961, 1.15072, 1.13613, 1.11861, 1.09399, 1.06696, 1.04239, 1.01512, 0.99383, 0.979344, 0.970188, 0.969402, 
0.979388, 0.994945, 1.01596, 1.04182, 1.06777, 1.09144, 1.11413, 1.13255, 1.14457, 1.15038, 1.15306, 1.14612, 1.13494, 1.1153, 1.09373, 1.07057, 
1.04475, 1.02227, 1.00418, 0.992067, 0.986396, 0.991258, 1.00656, 1.0287, 1.0554, 1.08528, 1.11575, 1.14438, 1.16862, 1.18845, 1.19915, 1.20734, 
1.20803, 1.19984, 1.18667, 1.16849, 1.14505, 1.12118, 1.09578, 1.07569, 1.05871, 1.0511, 1.05233, 1.06132, 1.07935, 1.10307, 1.13034, 1.15828, 
1.18562, 1.20888, 1.22643, 1.23795, 1.24311, 1.24176, 1.23309, 1.21795, 1.19641, 1.17137, 1.14347, 1.11562, 1.08805, 1.06595, 1.05158, 1.04386, 
1.04663, 1.05842, 1.07726, 1.09795, 1.12402, 1.14704, 1.16864, 1.18411, 1.19435, 1.19903, 1.19605, 1.18608, 1.16962, 1.14812, 1.12012, 1.09047, 
1.05895, 1.02867, 1.00312, 0.982566, 0.96998, 0.968945, 0.976521, 0.992438, 1.01206, 1.03653, 1.06099, 1.08565, 1.10571, 1.12001, 1.1304, 1.13407, 
1.1297, 1.11968, 1.10433, 1.08017, 1.05231, 1.02304, 0.99529, 0.971104, 0.950074, 0.935389, 0.930741, 0.935662, 0.947206, 0.969879, 0.995963, 1.02387, 
1.05258, 1.07833, 1.09874, 1.11552, 1.128, 1.13211, 1.12942, 1.11937, 1.10452, 1.08486, 1.06166, 1.03818, 1.01388, 0.991638, 0.976626, 0.967685, 
0.966342, 0.975164, 0.990791, 1.01238, 1.03929, 1.06686, 1.0939, 1.11746, 1.13603, 1.15099, 1.15894, 1.15917, 1.15585, 1.14371, 1.12783, 1.10556, 
1.08042, 1.05443, 1.02872, 1.00752, 0.992109, 0.985558, 0.98448, 0.99627, 1.01355, 1.03721, 1.06531, 1.0934, 1.12115, 1.14704, 1.16607, 1.09773, 
1.12482, 1.14332, 1.14348, 1.13381, 1.11682, 1.09496, 1.06846, 1.04068, 1.01521, 0.991894, 0.977571, 0.968544, 0.968575, 0.978834, 0.993101, 1.01599, 
1.04059, 1.06562, 1.08966, 1.10936, 1.12349, 1.13379, 1.13646, 1.13091, 1.12255, 1.10472, 1.08487, 1.05908, 1.03307, 1.00406, 0.981095, 0.960006, 
0.948359, 0.944396, 0.950441, 0.962867, 0.983488, 1.00687, 1.03505, 1.06002, 1.08584, 1.10504, 1.11921, 1.12688, 1.12982, 1.1247, 1.11424, 1.09728, 
1.07518, 1.04985, 1.0218, 0.995703, 0.971577, 0.953415, 0.944064, 0.941495, 0.950185, 0.966994, 0.989142, 1.01596, 1.04383, 1.07105, 1.09483, 1.112, 
1.12573, 1.13151, 1.12904, 1.1213, 1.10589, 1.08361, 1.05934, 1.0298, 0.998407, 0.969357, 0.944134, 0.926349, 0.916923, 0.919006, 0.92922, 0.949638, 
0.974821, 1.00202, 1.03247, 1.05799, 1.0798, 1.09637, 1.10701, 1.11001, 1.10524, 1.0925, 1.07411, 1.04899, 1.01797, 0.9859, 0.955281, 0.926949, 
0.903253, 0.887728, 0.882282, 0.888241, 0.90245, 0.927805, 0.956739, 0.986665, 1.01582, 1.04412, 1.06489, 1.08275, 1.09093, 1.09287, 1.08738, 1.07496, 
1.05674, 1.033, 1.00671, 0.980985, 0.957301, 0.944721, 0.927101, 0.33258, 0.54517, 0.706015, 0.775009, 0.826399, 0.871395, 0.912733, 0.949239, 0.983942, 
1.01057, 1.02855, 1.03857, 1.04231, 1.03811, 1.02485, 1.00554, 0.979425, 0.950185, 0.918241, 0.885948, 0.858536, 0.836008, 0.824946, 0.822321, 0.832159, 
0.848187, 0.87468, 0.90465, 0.93734, 0.965098, 0.99341, 1.01453, 1.03024, 1.03658, 1.039, 1.03115, 1.01683, 0.995176, 0.96706, 0.93497, 0.90079, 
0.865685, 0.833631, 0.809762, 0.794582, 0.793336, 0.801923, 0.824357, 0.851787, 0.885437, 0.921094, 0.955014, 0.984492, 1.01165, 1.02984, 1.03926, 1.04003, 
1.03316, 1.01733, 0.993349, 0.963169, 0.927274, 0.888064, 0.848788, 0.817381, 0.792847, 0.780485, 0.782431, 0.798467, 0.827973, 0.86533, 0.907443, 0.948947, 
0.987712, 1.02109, 1.04633, 1.06373, 1.07145, 1.06831, 1.05684, 1.03559, 1.00556, 0.968911, 0.927739, 0.886964, 0.849714, 0.819019, 0.802293, 0.798113, 
0.811862, 0.838422, 0.875547, 0.917141, 0.959721, 1.00053, 1.036, 1.06447, 1.08311, 1.09227, 1.09249, 1.08312, 1.06473, 1.03808, 1.00535, 0.965887, 
0.924554, 0.886704, 0.852935, 0.829255, 0.818392, 0.822617, 0.8386, 0.867938, 0.901619, 0.940666, 0.978365, 1.01087, 1.04042, 1.06171, 1.07574, 1.08109, 
1.07518, 1.06389, 1.04211, 1.01347, 0.978897, 0.940429, 0.900013, 0.861898, 0.827966, 0.803589, 0.792415, 0.79558, 0.808623, 0.835908, 0.868434, 0.905, 
0.94254, 0.975014, 1.00606, 1.03015, 1.04333, 1.04929, 1.0458, 1.03538, 1.01518, 0.987051, 0.952225, 0.912405, 0.869437, 0.829761, 0.794826, 0.76868, 
0.756723, 0.761039, 0.779769, 0.81145, 0.850738, 0.893757, 0.937267, 0.979003, 1.01283, 1.03975, 1.05733, 1.06472, 1.06393, 1.05277, 1.03106, 1.00062, 
0.965621, 0.924489, 0.881506, 0.843487, 0.810238, 0.790361, 0.786516, 0.799038, 0.82764, 0.86931, 0.915646, 0.963351, 1.01048, 1.05074, 1.08225, 1.10721, 
1.12036, 1.12392, 1.11738, 1.09906, 1.07353, 1.0388, 0.998754, 0.957653, 0.915656, 0.882452, 0.856662, 0.846298, 0.854434, 0.875654, 0.909882, 0.951787, 
0.997925, 1.04089, 1.08199, 1.11379, 1.1375, 1.15234, 1.15478, 1.14928, 1.13263, 1.10665, 1.07202, 1.03092, 0.986556, 0.940429, 0.898334, 0.864882, 
0.842681, 0.837694, 0.847437, 0.873092, 0.908387, 0.949828, 0.993644, 1.03335, 1.06885, 1.09554, 1.11515, 1.12458, 1.1224, 1.11064, 1.0895, 1.0592, 
1.02061, 0.97485, 0.924595, 0.874194, 0.829043, 0.791673, 0.767636, 0.762183, 0.773322, 0.801692, 0.842323, 0.887718, 0.935447, 0.981177, 1.02152, 1.05205, 
1.07575, 1.08864, 1.09079, 1.08256, 1.06331, 1.03341, 0.994015, 0.948407, 0.896051, 0.843992, 0.794976, 0.752716, 0.728686, 0.725563, 0.741766, 0.776285, 
0.822765, 0.878018, 0.933252, 0.984969, 1.02972, 1.06386, 1.09039, 1.1043, 1.10696, 1.09687, 1.07593, 1.04304, 1.00191, 0.951384, 0.898066, 0.844531, 
0.79755, 0.760704, 0.743451, 0.747945, 0.7721, 0.813575, 0.865484, 0.920523, 0.974284, 1.0219, 1.06213, 1.09141, 1.10918, 1.11673, 1.11068, 1.09545, 
1.0653, 1.02698, 0.980844, 0.924991, 0.867758, 0.812684, 0.765239, 0.73549, 0.724259, 0.733727, 0.76453, 0.810089, 0.861527, 0.914696, 0.965209, 1.00945, 
1.0435, 1.0676, 1.08135, 1.08244, 1.073, 1.04881, 1.0152, 0.970784, 0.917066, 0.857591, 0.795116, 0.737174, 0.68758, 0.655705, 0.647864, 0.666358, 
0.707493, 0.758551, 0.818927, 0.8784, 0.935064, 0.981335, 1.0177, 1.04244, 1.05452, 1.05474, 1.04005, 1.01321, 0.973177, 0.922991, 0.861113, 0.793547, 
0.726563, 0.665299, 0.621881, 0.607245, 0.628197, 0.682538, 0.76737, 0.833715, 0.676354, 0.816658, 0.915214, 0.984504, 1.03224, 1.064, 1.07959, 1.07892, 
1.06504, 1.03629, 0.995352, 0.941015, 0.876493, 0.808027, 0.740615, 0.677038, 0.634803, 0.618528, 0.633573, 0.675008, 0.734643, 0.804623, 0.874502, 0.938421, 
0.994483, 1.04102, 1.07405, 1.093, 1.10044, 1.09256, 1.07392, 1.03757, 0.995675, 0.941512, 0.87916, 0.814015, 0.750292, 0.696625, 0.662191, 0.651483, 
0.668619, 0.708941, 0.764583, 0.828381, 0.89154, 0.949763, 1.00034, 1.04181, 1.07028, 1.08588, 1.08981, 1.08099, 1.05714, 1.02452, 0.978816, 0.921285, 
0.856427, 0.788053, 0.718245, 0.660737, 0.617287, 0.600815, 0.614509, 0.652785, 0.711593, 0.777121, 0.845767, 0.909401, 0.965111, 1.00911, 1.04298, 1.06431, 
1.06856, 1.06105, 1.04161, 1.00459, 0.956662, 0.896895, 0.827366, 0.748619, 0.672467, 0.603413, 0.555892, 0.540121, 0.563927, 0.616716, 0.690534, 0.770724, 
0.852014, 0.924595, 0.986411, 1.03548, 1.06983, 1.08879, 1.09457, 1.08277, 1.05606, 1.01652, 0.958178, 0.889224, 0.810703, 0.730484, 0.651921, 0.590802, 
0.561124, 0.572688, 0.621164, 0.693151, 0.776972, 0.861576, 0.937335, 1.00291, 1.0536, 1.08705, 1.10504, 1.09837, 1.06927, 1.00287, 0.85461, 0.434879, 
1.03524, 1.0051, 0.900849, 0.799391, 0.712908, 0.652055, 0.628776, 0.646343, 0.697505, 0.768104, 0.847348, 0.924273, 0.993413, 1.04956, 1.09327, 1.12213, 
1.13656, 1.13474, 1.11929, 1.0887, 1.04406, 0.985103, 0.913849, 0.834212, 0.746594, 0.666881, 0.599859, 0.558322, 0.553905, 0.58578, 0.646851, 0.722253, 
0.802218, 0.877188, 0.943917, 1.00012, 1.04219, 1.0698, 1.08469, 1.08355, 1.06748, 1.03569, 0.991396, 0.9326, 0.862342, 0.778905, 0.692011, 0.606054, 
0.532015, 0.481878, 0.475602, 0.509686, 0.5788, 0.664854, 0.753563, 0.838348, 0.914126, 0.976279, 1.02572, 1.05868, 1.07953, 1.0827, 1.07149, 1.04334, 
1.00136, 0.944509, 0.872264, 0.788826, 0.700201, 0.611055, 0.533372, 0.48682, 0.485128, 0.528587, 0.605384, 0.696819, 0.789686, 0.879602, 0.95602, 1.01944, 
1.06751, 1.10039, 1.11435, 1.11634, 1.09924, 1.06744, 1.01752, 0.954112, 0.878433, 0.790468, 0.699151, 0.61277, 0.546048, 0.514055, 0.530922, 0.5855, 
0.666351, 0.758326, 0.846715, 0.92772, 0.995389, 1.04912, 1.08817, 1.11111, 1.11768, 1.10821, 1.08119, 1.04005, 0.983966, 0.913318, 0.829821, 0.737087, 
0.641478, 0.557358, 0.496374, 0.476549, 0.505458, 0.574011, 0.661319, 0.752959, 0.842009, 0.91957, 0.985015, 1.03425, 1.06936, 1.08818, 1.09058, 1.07508, 
1.04423, 0.997004, 0.935258, 0.85705, 0.766742, 0.667388, 0.564693, 0.474541, 0.41502, 0.407218, 0.456459, 0.542596, 0.642941, 0.744676, 0.837513, 0.917946, 
0.985065, 1.03481, 1.06834, 1.08467, 1.08431, 1.067, 1.03232, 0.980925, 0.913445, 0.828644, 0.734957, 0.629016, 0.526055, 0.43908, 0.392101, 0.40638, 
0.475468, 0.573009, 0.680092, 0.782656, 0.874672, 0.953036, 1.01574, 1.06226, 1.09095, 1.10124, 1.09634, 1.07311, 1.03451, 0.977846, 0.906451, 0.820568, 
0.723768, 0.621286, 0.52386, 0.452115, 0.42591, 0.456995, 0.529447, 0.625643, 0.729119, 0.824912, 0.910379, 0.981622, 1.03665, 1.07505, 1.09657, 1.10412, 
1.09332, 1.06546, 1.02113, 0.960481, 0.886655, 0.797985, 0.699648, 0.598011, 0.504608, 0.436118, 0.416747, 0.453791, 0.530031, 0.625069, 0.725523, 0.817578, 
0.898864, 0.969265, 1.02089, 1.05849, 1.07841, 1.08183, 1.07194, 1.04354, 0.998285, 0.935637, 0.859621, 0.766824, 0.665481, 0.55816, 0.458265, 0.384506, 
0.362824, 0.40456, 0.490567, 0.596499, 0.701985, 0.799902, 0.886088, 0.957641, 1.01488, 1.05376, 1.07717, 1.0821, 1.07016, 1.04011, 0.994687, 0.93138, 
0.851051, 0.756133, 0.652201, 0.540725, 0.437205, 0.365213, 0.354159, 0.414209, 0.512964, 0.623726, 0.736293, 0.838137, 0.926833, 0.999661, 1.05574, 1.09162, 
1.11014, 1.11155, 1.09581, 1.06167, 1.00868, 0.937709, 0.849734, 0.746389, 0.634995, 0.51934, 0.422002, 0.370953, 0.392109, 0.474697, 0.588138, 0.705698, 
0.81694, 0.915152, 0.997439, 1.0619, 1.10658, 1.13389, 1.14302, 1.13396, 1.10617, 1.05744, 0.992349, 0.907112, 0.805535, 0.689057, 0.563954, 0.445121, 
0.357157, 0.33985, 0.404762, 0.514378, 0.640071, 0.758527, 0.865861, 0.957657, 1.0297, 1.08432, 1.11874, 1.13549, 1.13404, 1.11136, 1.07092, 1.01275, 
0.934727, 0.839147, 0.725249, 0.601358, 0.471434, 0.350237, 0.278858, 0.299064, 0.396327, 0.518458, 0.64721, 0.762988, 0.862884, 0.948879, 1.01442, 1.06332, 
1.09105, 1.10267, 1.09382, 1.06901, 1.02697, 0.965559, 0.886859, 0.793119, 0.68175, 0.559075, 0.432691, 0.321449, 0.258053, 0.289442, 0.390219, 0.512734, 
0.634277, 0.749315, 0.847052, 0.92894, 0.995872, 1.04216, 1.07189, 1.08355, 1.07767, 1.05533, 1.01245, 0.954849, 0.878741, 0.786633, 0.678225, 0.559126, 
0.435428, 0.32464, 0.263255, 0.291427, 0.390123, 0.512037, 0.633756, 0.749874, 0.849632, 0.933731, 1.00032, 1.04891, 1.07938, 1.09094, 1.08415, 1.05956, 
1.01812, 0.956736, 0.878324, 0.778858, 0.66403, 0.537803, 0.406167, 0.290005, 0.237489, 0.294639, 0.414481, 0.546702, 0.675654, 0.795, 0.895061, 0.979113, 
1.04273, 1.08586, 1.1122, 1.11742, 1.10385, 1.07158, 1.01884, 0.945658, 0.853494, 0.741855, 0.613934, 0.473252, 0.334559, 0.232175, 0.246082, 0.361065, 
0.505642, 0.648006, 0.777674, 0.89154, 0.983969, 1.0574, 1.10888, 1.13919, 1.1503, 1.14041, 1.11106, 1.06115, 0.989658, 0.898671, 0.787561, 0.65858, 
0.517806, 0.379188, 0.274705, 0.268225, 0.365564, 0.504108, 0.644645, 0.773855, 0.885624, 0.979326, 1.05183, 1.10284, 1.13637, 1.14917, 1.14162, 1.11772, 
1.07307, 1.00884, 0.924589, 0.823456, 0.706299, 0.576815, 0.446992, 0.335469, 0.288396, 0.339057, 0.44857, 0.576546, 0.701842, 0.81554, 0.913712, 0.993551, 
1.05477, 1.09644, 1.12138, 1.12716, 1.11695, 1.08881, 1.04108, 0.975946, 0.892314, 0.792918, 0.677833, 0.551438, 0.421806, 0.308538, 0.258205, 0.305537, 
0.417833, 0.5465, 0.673834, 0.789449, 0.89068, 0.973883, 1.03905, 1.08525, 1.1158, 1.127, 1.12075, 1.09397, 1.0535, 0.990794, 0.909724, 0.809373, 
0.689843, 0.556323, 0.415468, 0.282495, 0.206817, 0.261588, 0.391789, 0.53766, 0.677369, 0.803321, 0.912251, 1.00081, 1.06935, 1.11973, 1.14797, 1.16033, 
1.14981, 1.12233, 1.07276, 1.00147, 0.908787, 0.795686, 0.664106, 0.516858, 0.366407, 0.243538, 0.229747, 0.343371, 0.493719, 0.646433, 0.785075, 0.906024, 
1.00593, 1.08389, 1.13964, 1.17518, 1.19005, 1.18387, 1.1576, 1.11085, 1.04344, 0.95311, 0.841569, 0.711933, 0.567965, 0.421701, 0.302841, 0.271348, 
0.35775, 0.496413, 0.642901, 0.779605, 0.89899, 0.996974, 1.07569, 1.13156, 1.16859, 1.1868, 1.18293, 1.16015, 1.11788, 1.05405, 0.970736, 0.865017, 
0.741387, 0.601381, 0.454075, 0.31611, 0.237737, 0.285342, 0.413543, 0.557386, 0.698347, 0.822972, 0.929082, 1.01767, 1.08451, 1.13225, 1.15865, 1.16739, 
1.15592, 1.1247, 1.07649, 1.00633, 0.913688, 0.802998, 0.671747, 0.52406, 0.365626, 0.21529, 0.151255, 0.258881, 0.418259, 0.574209, 0.717619, 0.844952, 
0.950571, 1.03671, 1.10183, 1.14563, 1.17, 1.17259, 1.15736, 1.12383, 1.06619, 0.988705, 0.888811, 0.767911, 0.62607, 0.468566, 0.299947, 0.149747, 
0.15965, 0.314196, 0.483176, 0.642379, 0.784678, 0.907855, 1.00747, 1.08446, 1.14127, 1.1769, 1.19237, 1.18827, 1.16459, 1.11896, 1.05112, 0.963739, 
0.850995, 0.719567, 0.570493, 0.409307, 0.252406, 0.169706, 0.259534, 0.416155, 0.574905, 0.72425, 0.853246, 0.96162, 1.04822, 1.11437, 1.15853, 1.18205, 
1.18683, 1.16968, 1.13487, 1.0794, 1.00215, 0.904686, 0.785964, 0.647763, 0.498156, 0.339429, 0.206534, 0.192778, 0.316608, 0.469832, 0.62131, 0.758214, 
0.876264, 0.972799, 1.04965, 1.106, 1.14205, 1.15848, 1.15494, 1.13156, 1.09004, 1.02652, 0.944837, 0.840204, 0.714905, 0.572329, 0.416715, 0.256907
